<?xml version="1.0" encoding="Shift_JIS"?>

<imd version="1.6.0">

<head>
	<create user="yoshida" host="W00151" date="2007-12-27T14:28:00"/>
	<title>Model Data for NINTENDO NITRO-System</title>
	<generator name="NNS_3DMaterialEditor" version="2.8.0.20050620"/>
</head>

<body>

<original_create user="unno" host="W00106" date="2006-03-16T13:57:45" source="dun03_chip_set.mb"/>
<original_generator name="Maya 6.5 NNS_Export" version="1.6.0.20051121"/>

<model_info
	pos_scale="5"
	scaling_rule="standard"
	vertex_style="direct"
	magnify="1.000000"
	tool_start_frame="1"
	tex_matrix_mode="maya"
	compress_node="merge" node_size="9 9"
	compress_material="on" material_size="9 9"
	output_texture="all"
	force_full_weight="off"
	use_primitive_strip="on"
/>

<box_test pos_scale="7" xyz="-2.464844 0.000000 2.023438" whd="4.925781 0.250000 1.500000"/>

<tex_image_array size="35">
	<tex_image index="0" name="c3_s03a"
		width="16" height="16" original_width="16" original_height="16"
		format="palette4"
		color0_mode="color"
		palette_name="c3_s03a_pl"
		path="C:/ghome/dun03/dun03_chip/tex/c3_s03a.tga"
	>
		<bitmap size="32">
			5555 5555 5555 6655 5555 9995 5555 6a95
			9555 5655 6955 5556 a555 599a b955 66aa
			9999 5aab 9669 6e6a 55a5 5a5a 5555 5555
			aaaa aaaa 0000 0000 0000 0000 0000 0000
		</bitmap>
	</tex_image>
	<tex_image index="1" name="c3_s03b.1"
		width="16" height="32" original_width="16" original_height="32"
		format="palette16"
		color0_mode="color"
		palette_name="c3_s03b.1_pl"
		path="C:/ghome/dun03/dun03_chip/tex/c3_s03b.1.tga"
	>
		<bitmap size="128">
			6663 6666 6666 3666 6663 5566 6665 3666
			6663 0056 6650 3666 5553 1055 5550 3555
			3333 0033 3330 3333 5553 5555 0055 3550
			6663 6666 1056 3650 3663 0000 0030 3650
			0363 1110 5300 3555 0053 2211 5001 3000
			1053 4421 0012 0111 1053 4442 0012 0111
			1033 2442 0011 0111 0053 1221 3001 3000
			0163 1110 0000 3300 2113 0000 1000 3001
			2213 1122 4101 3014 0213 0000 4101 3014
			0013 0111 1000 3001 1053 1222 0030 3300
			1033 1222 3330 3333 1053 1222 5550 3555
			0053 0111 6650 3666 0563 0000 0005 3665
			6663 5666 1110 3650 6663 5666 1110 3650
			6663 5666 1110 3650 5553 5555 0003 3553
			3333 3333 3333 3333 5553 5555 5555 3555
			6663 6666 6666 3666 6663 6666 6666 3666
		</bitmap>
	</tex_image>
	<tex_image index="2" name="c3_s03b.10"
		width="16" height="32" original_width="16" original_height="32"
		format="palette16"
		color0_mode="color"
		palette_name="c3_s03b.10_pl"
		path="C:/ghome/dun03/dun03_chip/tex/c3_s03b.10.tga"
	>
		<bitmap size="128">
			0013 0111 1000 3001 1053 1222 0030 3300
			1033 1222 3330 3333 1053 1222 5550 3555
			0053 0111 6650 3666 0563 0000 0005 3665
			6663 5666 1110 3650 6663 5666 1110 3650
			6663 5666 1110 3650 5553 5555 0003 3553
			3333 3333 3333 3333 5553 5555 5555 3555
			6663 6666 6666 3666 6663 6666 6666 3666
			6663 6666 6666 3666 6663 5566 6665 3666
			6663 0056 6650 3666 5553 1055 5550 3555
			3333 0033 3330 3333 5553 5555 0055 3550
			6663 6666 1056 3650 3663 0000 0030 3650
			0363 1110 5300 3555 0053 2211 5001 3000
			1053 4421 0012 0111 1053 4442 0012 0111
			1033 2442 0011 0111 0053 1221 3001 3000
			0163 1110 0000 3300 2113 0000 1000 3001
			2213 1122 4101 3014 0213 0000 4101 3014
		</bitmap>
	</tex_image>
	<tex_image index="3" name="c3_s03b.11"
		width="16" height="32" original_width="16" original_height="32"
		format="palette16"
		color0_mode="color"
		palette_name="c3_s03b.11_pl"
		path="C:/ghome/dun03/dun03_chip/tex/c3_s03b.11.tga"
	>
		<bitmap size="128">
			1033 1222 3330 3333 1053 1222 5550 3555
			0053 0111 6650 3666 0563 0000 0005 3665
			6663 5666 1110 3650 6663 5666 1110 3650
			6663 5666 1110 3650 5553 5555 0003 3553
			3333 3333 3333 3333 5553 5555 5555 3555
			6663 6666 6666 3666 6663 6666 6666 3666
			6663 6666 6666 3666 6663 5566 6665 3666
			6663 0056 6650 3666 5553 1055 5550 3555
			3333 0033 3330 3333 5553 5555 0055 3550
			6663 6666 1056 3650 3663 0000 0030 3650
			0363 1110 5300 3555 0053 2211 5001 3000
			1053 4421 0012 0111 1053 4442 0012 0111
			1033 2442 0011 0111 0053 1221 3001 3000
			0163 1110 0000 3300 2113 0000 1000 3001
			2213 1122 4101 3014 0213 0000 4101 3014
			0013 0111 1000 3001 1053 1222 0030 3300
		</bitmap>
	</tex_image>
	<tex_image index="4" name="c3_s03b.12"
		width="16" height="32" original_width="16" original_height="32"
		format="palette16"
		color0_mode="color"
		palette_name="c3_s03b.12_pl"
		path="C:/ghome/dun03/dun03_chip/tex/c3_s03b.12.tga"
	>
		<bitmap size="128">
			0053 0111 6650 3666 0563 0000 0005 3665
			6663 5666 1110 3650 6663 5666 1110 3650
			6663 5666 1110 3650 5553 5555 0003 3553
			3333 3333 3333 3333 5553 5555 5555 3555
			6663 6666 6666 3666 6663 6666 6666 3666
			6663 6666 6666 3666 6663 5566 6665 3666
			6663 0056 6650 3666 5553 1055 5550 3555
			3333 0033 3330 3333 5553 5555 0055 3550
			6663 6666 1056 3650 3663 0000 0030 3650
			0363 1110 5300 3555 0053 2211 5001 3000
			1053 4421 0012 0111 1053 4442 0012 0111
			1033 2442 0011 0111 0053 1221 3001 3000
			0163 1110 0000 3300 2113 0000 1000 3001
			2213 1122 4101 3014 0213 0000 4101 3014
			0013 0111 1000 3001 1053 1222 0030 3300
			1033 1222 3330 3333 1053 1222 5550 3555
		</bitmap>
	</tex_image>
	<tex_image index="5" name="c3_s03b.13"
		width="16" height="32" original_width="16" original_height="32"
		format="palette16"
		color0_mode="color"
		palette_name="c3_s03b.13_pl"
		path="C:/ghome/dun03/dun03_chip/tex/c3_s03b.13.tga"
	>
		<bitmap size="128">
			6663 5666 1110 3650 6663 5666 1110 3650
			6663 5666 1110 3650 5553 5555 0003 3553
			3333 3333 3333 3333 5553 5555 5555 3555
			6663 6666 6666 3666 6663 6666 6666 3666
			6663 6666 6666 3666 6663 5566 6665 3666
			6663 0056 6650 3666 5553 1055 5550 3555
			3333 0033 3330 3333 5553 5555 0055 3550
			6663 6666 1056 3650 3663 0000 0030 3650
			0363 1110 5300 3555 0053 2211 5001 3000
			1053 4421 0012 0111 1053 4442 0012 0111
			1033 2442 0011 0111 0053 1221 3001 3000
			0163 1110 0000 3300 2113 0000 1000 3001
			2213 1122 4101 3014 0213 0000 4101 3014
			0013 0111 1000 3001 1053 1222 0030 3300
			1033 1222 3330 3333 1053 1222 5550 3555
			0053 0111 6650 3666 0563 0000 0005 3665
		</bitmap>
	</tex_image>
	<tex_image index="6" name="c3_s03b.14"
		width="16" height="32" original_width="16" original_height="32"
		format="palette16"
		color0_mode="color"
		palette_name="c3_s03b.14_pl"
		path="C:/ghome/dun03/dun03_chip/tex/c3_s03b.14.tga"
	>
		<bitmap size="128">
			6663 5666 1110 3650 5553 5555 0003 3553
			3333 3333 3333 3333 5553 5555 5555 3555
			6663 6666 6666 3666 6663 6666 6666 3666
			6663 6666 6666 3666 6663 5566 6665 3666
			6663 0056 6650 3666 5553 1055 5550 3555
			3333 0033 3330 3333 5553 5555 0055 3550
			6663 6666 1056 3650 3663 0000 0030 3650
			0363 1110 5300 3555 0053 2211 5001 3000
			1053 4421 0012 0111 1053 4442 0012 0111
			1033 2442 0011 0111 0053 1221 3001 3000
			0163 1110 0000 3300 2113 0000 1000 3001
			2213 1122 4101 3014 0213 0000 4101 3014
			0013 0111 1000 3001 1053 1222 0030 3300
			1033 1222 3330 3333 1053 1222 5550 3555
			0053 0111 6650 3666 0563 0000 0005 3665
			6663 5666 1110 3650 6663 5666 1110 3650
		</bitmap>
	</tex_image>
	<tex_image index="7" name="c3_s03b.15"
		width="16" height="32" original_width="16" original_height="32"
		format="palette16"
		color0_mode="color"
		palette_name="c3_s03b.15_pl"
		path="C:/ghome/dun03/dun03_chip/tex/c3_s03b.15.tga"
	>
		<bitmap size="128">
			3333 3333 3333 3333 5553 5555 5555 3555
			6663 6666 6666 3666 6663 6666 6666 3666
			6663 6666 6666 3666 6663 5566 6665 3666
			6663 0056 6650 3666 5553 1055 5550 3555
			3333 0033 3330 3333 5553 5555 0055 3550
			6663 6666 1056 3650 3663 0000 0030 3650
			0363 1110 5300 3555 0053 2211 5001 3000
			1053 4421 0012 0111 1053 4442 0012 0111
			1033 2442 0011 0111 0053 1221 3001 3000
			0163 1110 0000 3300 2113 0000 1000 3001
			2213 1122 4101 3014 0213 0000 4101 3014
			0013 0111 1000 3001 1053 1222 0030 3300
			1033 1222 3330 3333 1053 1222 5550 3555
			0053 0111 6650 3666 0563 0000 0005 3665
			6663 5666 1110 3650 6663 5666 1110 3650
			6663 5666 1110 3650 5553 5555 0003 3553
		</bitmap>
	</tex_image>
	<tex_image index="8" name="c3_s03b.16"
		width="16" height="32" original_width="16" original_height="32"
		format="palette16"
		color0_mode="color"
		palette_name="c3_s03b.16_pl"
		path="C:/ghome/dun03/dun03_chip/tex/c3_s03b.16.tga"
	>
		<bitmap size="128">
			6663 6666 6666 3666 6663 6666 6666 3666
			6663 6666 6666 3666 6663 5566 6665 3666
			6663 0056 6650 3666 5553 1055 5550 3555
			3333 0033 3330 3333 5553 5555 0055 3550
			6663 6666 1056 3650 3663 0000 0030 3650
			0363 1110 5300 3555 0053 2211 5001 3000
			1053 4421 0012 0111 1053 4442 0012 0111
			1033 2442 0011 0111 0053 1221 3001 3000
			0163 1110 0000 3300 2113 0000 1000 3001
			2213 1122 4101 3014 0213 0000 4101 3014
			0013 0111 1000 3001 1053 1222 0030 3300
			1033 1222 3330 3333 1053 1222 5550 3555
			0053 0111 6650 3666 0563 0000 0005 3665
			6663 5666 1110 3650 6663 5666 1110 3650
			6663 5666 1110 3650 5553 5555 0003 3553
			3333 3333 3333 3333 5553 5555 5555 3555
		</bitmap>
	</tex_image>
	<tex_image index="9" name="c3_s03b.2"
		width="16" height="32" original_width="16" original_height="32"
		format="palette16"
		color0_mode="color"
		palette_name="c3_s03b.2_pl"
		path="C:/ghome/dun03/dun03_chip/tex/c3_s03b.2.tga"
	>
		<bitmap size="128">
			6663 0056 6650 3666 5553 1055 5550 3555
			3333 0033 3330 3333 5553 5555 0055 3550
			6663 6666 1056 3650 3663 0000 0030 3650
			0363 1110 5300 3555 0053 2211 5001 3000
			1053 4421 0012 0111 1053 4442 0012 0111
			1033 2442 0011 0111 0053 1221 3001 3000
			0163 1110 0000 3300 2113 0000 1000 3001
			2213 1122 4101 3014 0213 0000 4101 3014
			0013 0111 1000 3001 1053 1222 0030 3300
			1033 1222 3330 3333 1053 1222 5550 3555
			0053 0111 6650 3666 0563 0000 0005 3665
			6663 5666 1110 3650 6663 5666 1110 3650
			6663 5666 1110 3650 5553 5555 0003 3553
			3333 3333 3333 3333 5553 5555 5555 3555
			6663 6666 6666 3666 6663 6666 6666 3666
			6663 6666 6666 3666 6663 5566 6665 3666
		</bitmap>
	</tex_image>
	<tex_image index="10" name="c3_s03b.3"
		width="16" height="32" original_width="16" original_height="32"
		format="palette16"
		color0_mode="color"
		palette_name="c3_s03b.3_pl"
		path="C:/ghome/dun03/dun03_chip/tex/c3_s03b.3.tga"
	>
		<bitmap size="128">
			3333 0033 3330 3333 5553 5555 0055 3550
			6663 6666 1056 3650 3663 0000 0030 3650
			0363 1110 5300 3555 0053 2211 5001 3000
			1053 4421 0012 0111 1053 4442 0012 0111
			1033 2442 0011 0111 0053 1221 3001 3000
			0163 1110 0000 3300 2113 0000 1000 3001
			2213 1122 4101 3014 0213 0000 4101 3014
			0013 0111 1000 3001 1053 1222 0030 3300
			1033 1222 3330 3333 1053 1222 5550 3555
			0053 0111 6650 3666 0563 0000 0005 3665
			6663 5666 1110 3650 6663 5666 1110 3650
			6663 5666 1110 3650 5553 5555 0003 3553
			3333 3333 3333 3333 5553 5555 5555 3555
			6663 6666 6666 3666 6663 6666 6666 3666
			6663 6666 6666 3666 6663 5566 6665 3666
			6663 0056 6650 3666 5553 1055 5550 3555
		</bitmap>
	</tex_image>
	<tex_image index="11" name="c3_s03b.4"
		width="16" height="32" original_width="16" original_height="32"
		format="palette16"
		color0_mode="color"
		palette_name="c3_s03b.4_pl"
		path="C:/ghome/dun03/dun03_chip/tex/c3_s03b.4.tga"
	>
		<bitmap size="128">
			6663 6666 1056 3650 3663 0000 0030 3650
			0363 1110 5300 3555 0053 2211 5001 3000
			1053 4421 0012 0111 1053 4442 0012 0111
			1033 2442 0011 0111 0053 1221 3001 3000
			0163 1110 0000 3300 2113 0000 1000 3001
			2213 1122 4101 3014 0213 0000 4101 3014
			0013 0111 1000 3001 1053 1222 0030 3300
			1033 1222 3330 3333 1053 1222 5550 3555
			0053 0111 6650 3666 0563 0000 0005 3665
			6663 5666 1110 3650 6663 5666 1110 3650
			6663 5666 1110 3650 5553 5555 0003 3553
			3333 3333 3333 3333 5553 5555 5555 3555
			6663 6666 6666 3666 6663 6666 6666 3666
			6663 6666 6666 3666 6663 5566 6665 3666
			6663 0056 6650 3666 5553 1055 5550 3555
			3333 0033 3330 3333 5553 5555 0055 3550
		</bitmap>
	</tex_image>
	<tex_image index="12" name="c3_s03b.5"
		width="16" height="32" original_width="16" original_height="32"
		format="palette16"
		color0_mode="color"
		palette_name="c3_s03b.5_pl"
		path="C:/ghome/dun03/dun03_chip/tex/c3_s03b.5.tga"
	>
		<bitmap size="128">
			0363 1110 5300 3555 0053 2211 5001 3000
			1053 4421 0012 0111 1053 4442 0012 0111
			1033 2442 0011 0111 0053 1221 3001 3000
			0163 1110 0000 3300 2113 0000 1000 3001
			2213 1122 4101 3014 0213 0000 4101 3014
			0013 0111 1000 3001 1053 1222 0030 3300
			1033 1222 3330 3333 1053 1222 5550 3555
			0053 0111 6650 3666 0563 0000 0005 3665
			6663 5666 1110 3650 6663 5666 1110 3650
			6663 5666 1110 3650 5553 5555 0003 3553
			3333 3333 3333 3333 5553 5555 5555 3555
			6663 6666 6666 3666 6663 6666 6666 3666
			6663 6666 6666 3666 6663 5566 6665 3666
			6663 0056 6650 3666 5553 1055 5550 3555
			3333 0033 3330 3333 5553 5555 0055 3550
			6663 6666 1056 3650 3663 0000 0030 3650
		</bitmap>
	</tex_image>
	<tex_image index="13" name="c3_s03b.6"
		width="16" height="32" original_width="16" original_height="32"
		format="palette16"
		color0_mode="color"
		palette_name="c3_s03b.6_pl"
		path="C:/ghome/dun03/dun03_chip/tex/c3_s03b.6.tga"
	>
		<bitmap size="128">
			1053 4421 0012 0111 1053 4442 0012 0111
			1033 2442 0011 0111 0053 1221 3001 3000
			0163 1110 0000 3300 2113 0000 1000 3001
			2213 1122 4101 3014 0213 0000 4101 3014
			0013 0111 1000 3001 1053 1222 0030 3300
			1033 1222 3330 3333 1053 1222 5550 3555
			0053 0111 6650 3666 0563 0000 0005 3665
			6663 5666 1110 3650 6663 5666 1110 3650
			6663 5666 1110 3650 5553 5555 0003 3553
			3333 3333 3333 3333 5553 5555 5555 3555
			6663 6666 6666 3666 6663 6666 6666 3666
			6663 6666 6666 3666 6663 5566 6665 3666
			6663 0056 6650 3666 5553 1055 5550 3555
			3333 0033 3330 3333 5553 5555 0055 3550
			6663 6666 1056 3650 3663 0000 0030 3650
			0363 1110 5300 3555 0053 2211 5001 3000
		</bitmap>
	</tex_image>
	<tex_image index="14" name="c3_s03b.7"
		width="16" height="32" original_width="16" original_height="32"
		format="palette16"
		color0_mode="color"
		palette_name="c3_s03b.7_pl"
		path="C:/ghome/dun03/dun03_chip/tex/c3_s03b.7.tga"
	>
		<bitmap size="128">
			1033 2442 0011 0111 0053 1221 3001 3000
			0163 1110 0000 3300 2113 0000 1000 3001
			2213 1122 4101 3014 0213 0000 4101 3014
			0013 0111 1000 3001 1053 1222 0030 3300
			1033 1222 3330 3333 1053 1222 5550 3555
			0053 0111 6650 3666 0563 0000 0005 3665
			6663 5666 1110 3650 6663 5666 1110 3650
			6663 5666 1110 3650 5553 5555 0003 3553
			3333 3333 3333 3333 5553 5555 5555 3555
			6663 6666 6666 3666 6663 6666 6666 3666
			6663 6666 6666 3666 6663 5566 6665 3666
			6663 0056 6650 3666 5553 1055 5550 3555
			3333 0033 3330 3333 5553 5555 0055 3550
			6663 6666 1056 3650 3663 0000 0030 3650
			0363 1110 5300 3555 0053 2211 5001 3000
			1053 4421 0012 0111 1053 4442 0012 0111
		</bitmap>
	</tex_image>
	<tex_image index="15" name="c3_s03b.8"
		width="16" height="32" original_width="16" original_height="32"
		format="palette16"
		color0_mode="color"
		palette_name="c3_s03b.8_pl"
		path="C:/ghome/dun03/dun03_chip/tex/c3_s03b.8.tga"
	>
		<bitmap size="128">
			0163 1110 0000 3300 2113 0000 1000 3001
			2213 1122 4101 3014 0213 0000 4101 3014
			0013 0111 1000 3001 1053 1222 0030 3300
			1033 1222 3330 3333 1053 1222 5550 3555
			0053 0111 6650 3666 0563 0000 0005 3665
			6663 5666 1110 3650 6663 5666 1110 3650
			6663 5666 1110 3650 5553 5555 0003 3553
			3333 3333 3333 3333 5553 5555 5555 3555
			6663 6666 6666 3666 6663 6666 6666 3666
			6663 6666 6666 3666 6663 5566 6665 3666
			6663 0056 6650 3666 5553 1055 5550 3555
			3333 0033 3330 3333 5553 5555 0055 3550
			6663 6666 1056 3650 3663 0000 0030 3650
			0363 1110 5300 3555 0053 2211 5001 3000
			1053 4421 0012 0111 1053 4442 0012 0111
			1033 2442 0011 0111 0053 1221 3001 3000
		</bitmap>
	</tex_image>
	<tex_image index="16" name="c3_s03b.9"
		width="16" height="32" original_width="16" original_height="32"
		format="palette16"
		color0_mode="color"
		palette_name="c3_s03b.9_pl"
		path="C:/ghome/dun03/dun03_chip/tex/c3_s03b.9.tga"
	>
		<bitmap size="128">
			2213 1122 4101 3014 0213 0000 4101 3014
			0013 0111 1000 3001 1053 1222 0030 3300
			1033 1222 3330 3333 1053 1222 5550 3555
			0053 0111 6650 3666 0563 0000 0005 3665
			6663 5666 1110 3650 6663 5666 1110 3650
			6663 5666 1110 3650 5553 5555 0003 3553
			3333 3333 3333 3333 5553 5555 5555 3555
			6663 6666 6666 3666 6663 6666 6666 3666
			6663 6666 6666 3666 6663 5566 6665 3666
			6663 0056 6650 3666 5553 1055 5550 3555
			3333 0033 3330 3333 5553 5555 0055 3550
			6663 6666 1056 3650 3663 0000 0030 3650
			0363 1110 5300 3555 0053 2211 5001 3000
			1053 4421 0012 0111 1053 4442 0012 0111
			1033 2442 0011 0111 0053 1221 3001 3000
			0163 1110 0000 3300 2113 0000 1000 3001
		</bitmap>
	</tex_image>
	<tex_image index="17" name="c3_s03c.1"
		width="32" height="32" original_width="32" original_height="32"
		format="palette4"
		color0_mode="color"
		palette_name="c3_s03c.1_pl"
		path="C:/mayadata/c3_s03/tex/c3_s03c.1.tga"
	>
		<bitmap size="128">
			0000 0000 0000 0000 aaa8 aaaa 1aaa aaa9
			aaa8 aaaa 1aaa aaa9 aaa4 aaaa 1aaa aaa9
			aa94 aaaa 1aaa aaa5 aa50 aaaa 5aaa aaa4
			a944 aaaa 6aaa aaa4 a514 aaaa 6aaa aa94
			9458 aaaa 6aaa aa91 5168 aaaa aaaa aa91
			45a8 aaa5 aaaa aa91 16a8 aa95 aaaa aa51
			5aa8 aa50 aaaa aa45 6aa8 a945 aaaa aa46
			aaa8 a516 aaaa aa46 aaa8 945a aaaa a946
			aaa8 516a aaaa a916 aaa8 45aa aaa5 a91a
			aaa8 16aa aa94 a91a aaa8 5aaa aa51 a51a
			aaa8 aaaa a945 a45a aaa8 aaaa a516 a46a
			aaa8 aaaa 945a a46a aaa8 aaaa 116a 0000
			aaa8 aaaa 05aa 0000 aaa8 aaaa 16aa 0000
			9554 aaaa 1aaa 0000 5000 a955 2aaa 0000
			0554 5500 2a95 0000 56a8 0055 1550 0000
			aaa8 556a 0005 0000 aaa8 aaaa 1556 0000
		</bitmap>
	</tex_image>
	<tex_image index="18" name="c3_s03c.2"
		width="32" height="32" original_width="32" original_height="32"
		format="palette4"
		color0_mode="color"
		palette_name="c3_s03c.2_pl"
		path="C:/mayadata/c3_s03/tex/c3_s03c.2.tga"
	>
		<bitmap size="128">
			0000 0000 0000 0000 aaa8 aa51 aaaa a46a
			aaa8 aa45 aaaa a46a aaa8 a946 aaaa a46a
			aaa8 a516 aaaa a46a aaa8 a45a aaaa a46a
			aaa8 946a aaaa a46a aaa8 516a aaaa a46a
			aaa8 45aa aaaa 91aa aaa8 46aa aaa9 91aa
			aaa8 16aa aaa5 91aa aaa8 5aaa aaa4 91aa
			aaa8 6aaa aa94 91aa aaa8 6aaa aa51 91aa
			aaa8 aaaa aa45 91aa aaa8 aaaa a946 91aa
			aaa8 aaaa a516 46aa aaa8 aaaa a45a 46aa
			aaa8 aaaa 946a 46aa aaa8 aaaa 516a 46aa
			aaa8 aaaa 45aa 46aa aa54 aaaa 46aa 46a9
			9540 aaaa 16aa 46a9 5014 aaa5 1aaa 0000
			0554 a954 1aaa 0000 56a8 5501 2aaa 0000
			aaa8 4055 2a95 0000 aaa8 156a 2550 0000
			aaa8 5aaa 1405 0000 aaa8 aaaa 0156 0000
			aaa8 aaaa 15aa 0000 aaa8 aaaa 2aaa 0000
		</bitmap>
	</tex_image>
	<tex_image index="19" name="c3_s03c.3"
		width="32" height="32" original_width="32" original_height="32"
		format="palette4"
		color0_mode="color"
		palette_name="c3_s03c.3_pl"
		path="C:/mayadata/c3_s03/tex/c3_s03c.3.tga"
	>
		<bitmap size="128">
			0000 0000 0000 0000 aaa8 91aa aaaa 6aaa
			aaa8 51aa aaaa 6aaa aaa8 45aa aaa9 6aaa
			aaa8 16aa aaa9 6aaa aaa8 1aaa aaa5 6aaa
			aaa8 5aaa aaa4 6aaa aaa8 6aaa aa94 6aaa
			aaa8 6aaa aa91 6aaa aaa8 aaaa aa51 6aaa
			aaa8 aaaa aa45 6aaa aaa8 aaaa a946 6aaa
			aaa8 aaaa a516 6aaa aaa8 aaaa a45a 6aaa
			aaa8 aaaa 946a 6aaa aaa8 aaaa 916a 6aaa
			aaa4 aaaa 51aa 6aaa aa54 aaaa 45aa 6aaa
			a540 aaaa 46aa 6aa9 5414 aaaa 16aa 6aa9
			4158 aaa5 1aaa 6aa5 15a8 aa54 5aaa 6aa4
			5aa8 a541 6aaa 6aa4 aaa8 5415 2aa9 0000
			aaa8 015a 2a95 0000 aaa8 55aa 2540 0000
			aaa8 6aaa 1415 0000 aaa8 aaaa 015a 0000
			aaa8 aaaa 15aa 0000 aaa8 aaaa 2aaa 0000
			aaa8 aaaa 2aaa 0000 aaa8 aaaa 2aaa 0000
		</bitmap>
	</tex_image>
	<tex_image index="20" name="c3_s03c.4"
		width="32" height="32" original_width="32" original_height="32"
		format="palette4"
		color0_mode="color"
		palette_name="c3_s03c.4_pl"
		path="C:/mayadata/c3_s03/tex/c3_s03c.4.tga"
	>
		<bitmap size="128">
			0000 0000 0000 0000 aaa8 aaaa aa46 aaaa
			aaa8 aaaa a946 aaaa aaa8 aaaa a916 aaaa
			aaa8 aaaa a91a aaaa aaa8 aaaa a51a aaaa
			aaa8 aaaa a45a aaaa aaa8 aaaa a46a aaaa
			aaa8 aaaa 946a aaaa aaa8 aaaa 916a aaaa
			aaa8 aaaa 51aa aaaa aaa8 aaaa 45aa aaaa
			aa94 aaaa 46aa aaaa a950 aaaa 46aa aaa9
			a504 aaaa 16aa aaa9 5454 aaaa 1aaa aaa5
			4168 aaa5 5aaa aaa4 15a8 aa54 6aaa aa94
			5aa8 a941 6aaa aa91 aaa8 9515 aaaa aa91
			aaa8 505a aaa9 aa51 aaa8 056a aa95 aa45
			aaa8 56aa a950 aa46 aaa8 6aaa 1505 0000
			aaa8 aaaa 1056 0000 aaa8 aaaa 056a 0000
			aaa8 aaaa 16aa 0000 aaa8 aaaa 2aaa 0000
			5554 a555 2aaa 0000 0000 5400 1555 0000
			5554 0155 0000 0000 aaa8 55aa 1555 0000
		</bitmap>
	</tex_image>
	<tex_image index="21" name="c3_s03d"
		width="32" height="32" original_width="32" original_height="32"
		format="palette16"
		color0_mode="transparency"
		palette_name="c3_s03d_pl"
		path="C:/mayadata/c3_s03/tex/c3_s03d.tga"
	>
		<bitmap size="256">
			3335 3333 3333 5555 8775 0000 7780 5555
			3335 3333 3333 5555 8775 0008 7788 5555
			2335 2223 3332 5555 8775 0008 7788 5555
			3335 2232 3322 5555 8705 8088 0788 5555
			2335 2223 3322 5555 8705 8088 0788 5555
			2335 2222 3332 5555 8005 8888 0088 5555
			2335 2222 3323 5555 8005 8888 0088 5555
			3335 3222 3322 5555 0005 8888 0008 5555
			3335 2222 3333 5555 0005 8888 0008 5555
			2335 2222 3332 5555 8005 8888 0088 5555
			2335 2223 3332 5555 8005 8888 0088 5555
			3335 2222 3322 4355 8705 8088 0788 5435
			2335 2223 3322 4455 8705 8088 0788 5445
			2335 2222 3322 5555 8775 0008 7788 5555
			3335 2222 3322 6665 8776 0008 7788 6666
			3335 2222 3332 8885 8778 0000 7780 8888
			3335 2222 3332 8885 8778 0000 7780 8888
			2335 2222 3322 6665 8776 0008 7788 6666
			2335 2222 3322 5555 8775 0008 7788 5555
			3335 2222 3332 4355 8705 8088 0788 5435
			2335 2223 3323 4455 8705 8088 0788 5445
			3335 2222 3332 5555 8005 8888 0088 5555
			3335 3333 3333 5555 8005 8888 0088 5555
			3335 3333 3333 5555 0005 8888 0008 5555
			1105 1111 0011 5555 0005 8888 0008 5555
			1105 1111 0011 5555 8005 8888 0088 5555
			1105 1111 0011 5555 8005 8888 0088 5555
			1105 1111 0011 5555 8705 8088 0788 5555
			1105 1111 0011 5555 8705 8088 0788 5555
			1105 1111 0011 5555 8775 0008 7788 5555
			1105 1111 0011 5555 8775 0008 7788 5555
			1105 1111 0011 5555 8775 0000 7780 5555
		</bitmap>
	</tex_image>
	<tex_image index="22" name="c3_slope1"
		width="16" height="16" original_width="16" original_height="16"
		format="palette16"
		color0_mode="color"
		palette_name="c3_slope1_pl"
		path="C:/ghome/dun03/dun03_chip/tex/c3_slope1.tga"
	>
		<bitmap size="64">
			3444 3333 3333 4443 4444 1144 4441 4444
			1144 1111 1111 4444 1111 0003 1330 1111
			0002 0000 0222 2000 0222 2000 0222 2000
			0222 2000 0222 2000 2222 3322 2223 2002
			4444 3333 3333 4444 4444 4444 4444 4444
			1111 1111 1111 1111 0002 1132 0311 2000
			0022 2220 0002 2200 0022 2220 0002 2200
			2222 2222 2002 2222 2333 2222 2222 3332
		</bitmap>
	</tex_image>
	<tex_image index="23" name="c3_slope2"
		width="16" height="16" original_width="16" original_height="16"
		format="palette16"
		color0_mode="color"
		palette_name="c3_slope2_pl"
		path="C:/ghome/dun03/dun03_chip/tex/c3_slope2.tga"
	>
		<bitmap size="64">
			0322 0000 0000 0000 1322 1000 0000 0000
			4322 1114 0000 0000 4322 1114 0001 0000
			2222 1104 0010 0000 4222 1100 0001 0000
			4222 0100 0010 0000 4322 0114 0001 0000
			4322 0114 0010 0000 4322 0100 0011 0000
			3222 1000 0011 0000 3222 0043 0011 0000
			3222 1043 0011 0000 3322 1004 0011 0000
			4322 0004 0001 0000 4322 0000 0000 0000
		</bitmap>
	</tex_image>
	<tex_image index="24" name="dun03_waku"
		width="32" height="32" original_width="32" original_height="32"
		format="palette4"
		color0_mode="color"
		palette_name="dun03_waku_pl"
		path="C:/ghome/dun03/dun03_chip/tex/dun03_waku.tga"
	>
		<bitmap size="128">
			5555 fff5 0000 0000 5555 fff5 0000 0000
			5555 fff5 0000 0000 aaaa fffa 0000 0000
			aaaa fffa 0000 0000 bfea fffa 0000 0000
			afaa fffa 0000 0000 aaa0 ffff 0000 0000
			eab0 ffff 0000 0000 faf0 ffff 0000 0000
			fff0 ffff 0000 0000 fff0 ffff 0000 0000
			fff0 ffff 0000 0000 fff0 ffff 0000 0000
			fffa fffa 0000 0000 bfea fffa 0000 0000
			afaa fffa ffff ffff aaa0 ffff ffff ffff
			eab0 ffff ffff ffff faf0 ffff ffff ffff
			fff0 ffff ffff ffff fff0 ffff ffff ffff
			fff0 ffff ffff ffff fff0 ffff ffff ffff
			fffa fffa ffff ffff bfea fffa ffff ffff
			afaa fffa ffff ffff aaa0 ffff ffff ffff
			eab0 ffff ffff ffff faf0 ffff ffff ffff
			fff0 ffff ffff ffff fff0 ffff ffff ffff
		</bitmap>
	</tex_image>
	<tex_image index="25" name="dun_floor"
		width="16" height="16" original_width="16" original_height="16"
		format="palette16"
		color0_mode="color"
		palette_name="dun_floor"
		path="C:/mayadata/dun00/tex/dun_floor.tga"
	>
		<bitmap size="64">
			1222 2221 3332 2411 1122 2233 3311 2103
			3112 1333 3111 1000 3311 2433 0111 1100
			3321 4443 1312 1110 3222 2444 3332 1111
			2122 2242 3333 1113 2122 3222 3333 2133
			1222 3122 3233 2333 2222 1111 2223 3333
			1220 1111 2242 0332 1100 2111 2444 0112
			1200 4211 2244 2111 2221 2221 1224 4211
			2224 2212 1132 4421 2222 2221 1322 4442
		</bitmap>
	</tex_image>
	<tex_image index="26" name="dun_floor2"
		width="16" height="16" original_width="16" original_height="16"
		format="palette16"
		color0_mode="color"
		palette_name="dun_floor2"
		path="C:/mayadata/dun00/tex/dun_floor2.tga"
	>
		<bitmap size="64">
			1111 1111 1111 1111 2111 3312 3311 1133
			2211 3332 0531 1330 2211 1133 0053 1300
			3331 1113 0005 3300 3333 3113 0000 3350
			5333 3335 0000 3335 0533 3350 5003 3333
			0053 3500 3333 3333 0005 1500 5331 3330
			0005 1350 0531 3300 0053 2235 0053 3350
			5531 2223 0003 1335 3311 3223 5031 1133
			3311 1331 3111 1113 1111 1111 1111 1111
		</bitmap>
	</tex_image>
	<tex_image index="27" name="dun_wall_c2b"
		width="16" height="16" original_width="16" original_height="16"
		format="palette16"
		color0_mode="color"
		palette_name="dun_wall_c2b"
		path="C:/mayadata/dun00/tex/dun_wall_c2b.tga"
	>
		<bitmap size="64">
			6666 6666 6666 6666 5111 6665 5666 1115
			1116 5555 5555 6111 1116 4444 4444 6111
			1166 4444 4444 6611 1166 4242 2444 6611
			1176 2240 0424 7611 1777 2221 1224 7661
			1776 2201 1024 7761 1767 2001 1002 7761
			6668 0011 1102 6677 6677 0011 1100 6767
			6678 0111 1110 8666 6766 1136 6311 7767
			7776 3336 6333 7687 6776 3366 6633 6676
		</bitmap>
	</tex_image>
	<tex_image index="28" name="dun_wall_e2b"
		width="16" height="16" original_width="16" original_height="16"
		format="palette16"
		color0_mode="color"
		palette_name="dun_wall_e2b"
		path="C:/mayadata/dun00/tex/dun_wall_e2b.tga"
	>
		<bitmap size="64">
			9999 9999 9999 9999 1555 3332 2333 5557
			1555 3321 7533 5557 1555 2211 7722 5557
			1555 2211 7722 5557 1455 2221 7222 5577
			1155 2221 7222 5577 1155 2221 7222 5577
			1188 2221 7525 8877 1148 5222 5252 8677
			1448 5522 2525 8667 4448 5555 5555 8666
			4466 5555 5555 6666 6600 5555 5555 0066
			0aaa 6666 6666 aaa0 9999 9999 9999 9999
		</bitmap>
	</tex_image>
	<tex_image index="29" name="dun_wall_n"
		width="16" height="16" original_width="16" original_height="16"
		format="palette16"
		color0_mode="color"
		palette_name="dun_wall_n"
		path="C:/mayadata/dun00/tex/dun_wall_n.tga"
	>
		<bitmap size="64">
			6666 6666 6666 6666 1000 6777 6666 0002
			3000 6681 1666 0002 3000 4311 1144 0002
			3000 4443 2144 0002 3100 4443 2444 0022
			3300 4443 2444 0022 3300 1443 2444 0022
			3300 1144 4444 0022 3330 1144 4444 0022
			3330 1444 4444 0121 1330 4414 4444 0121
			1110 4414 4414 0111 1555 4114 4111 5551
			5555 1111 5111 5555 5666 5555 5555 6665
		</bitmap>
	</tex_image>
	<tex_image index="30" name="dun_wall_n2b"
		width="16" height="16" original_width="16" original_height="16"
		format="palette16"
		color0_mode="color"
		palette_name="dun_wall_n2b"
		path="C:/mayadata/dun00/tex/dun_wall_n2b.tga"
	>
		<bitmap size="64">
			9999 9999 9999 9999 6555 3331 1333 5557
			6555 3316 7133 5557 6555 4466 7744 5557
			6555 4466 7744 5557 6555 4446 7444 5557
			6655 4446 7444 5577 6655 4646 7444 5577
			6688 6446 7444 8877 6658 4644 4446 8577
			6558 6664 4444 8557 5558 6666 6666 8555
			5588 6666 6666 8855 8800 6666 6666 0088
			0aaa 8888 8888 aaa0 9999 9999 9999 9999
		</bitmap>
	</tex_image>
	<tex_image index="31" name="dun_wall_s"
		width="16" height="16" original_width="16" original_height="16"
		format="palette16"
		color0_mode="color"
		palette_name="dun_wall_s"
		path="C:/mayadata/dun00/tex/dun_wall_s.tga"
	>
		<bitmap size="64">
			5555 5555 5555 5555 0222 5556 5555 2226
			0222 5566 7555 2224 0222 8660 4888 2224
			0122 8861 4888 2224 1122 8881 4888 2244
			1122 8881 4866 2244 1122 8881 4886 2244
			1122 8888 8888 2244 1102 8888 8888 2444
			1102 8888 8888 2444 1002 8888 8868 2444
			0002 8868 8668 2444 0033 8668 8668 3334
			3333 6663 3668 3333 3355 3333 3333 5533
		</bitmap>
	</tex_image>
	<tex_image index="32" name="dun_wall_s2b"
		width="16" height="16" original_width="16" original_height="16"
		format="palette16"
		color0_mode="color"
		palette_name="dun_wall_s2b"
		path="C:/mayadata/dun00/tex/dun_wall_s2b.tga"
	>
		<bitmap size="64">
			9999 9999 9999 9999 8666 4442 2444 6665
			8666 4428 5244 6665 8666 1188 5511 6665
			8666 1188 5511 6665 8866 1148 5411 6655
			8866 1118 5111 6655 8866 1118 5111 6655
			8877 1118 5414 7755 8867 4114 4141 7655
			8667 1111 1414 7665 6667 4444 4444 7666
			6677 4444 4444 7766 7755 4444 4444 5577
			5aaa 7777 7777 aaa5 9999 9999 9999 9999
		</bitmap>
	</tex_image>
	<tex_image index="33" name="dun_wall_w2b"
		width="16" height="16" original_width="16" original_height="16"
		format="palette16"
		color0_mode="color"
		palette_name="dun_wall_w2b"
		path="C:/mayadata/dun00/tex/dun_wall_w2b.tga"
	>
		<bitmap size="64">
			aaaa aaaa aaaa aaaa 8999 2221 1222 9994
			8999 2218 4122 9994 8999 7788 4437 9994
			8999 7788 4477 9994 8899 7778 4777 9974
			8899 7778 4777 9944 8899 7678 4777 9944
			8888 6668 4777 8844 8888 7676 7777 8744
			8888 6767 7767 8774 8888 6666 6666 8777
			8899 6666 6666 9977 9900 6666 6666 0099
			0bbb 9999 9999 bbb0 aaaa aaaa aaaa aaaa
		</bitmap>
	</tex_image>
	<tex_image index="34" name="h_kage"
		width="16" height="16" original_width="16" original_height="16"
		format="palette4"
		color0_mode="color"
		palette_name="h_kage_pl"
		path="C:/ghome/dun03/dun03_chip/tex/h_kage.tga"
	>
		<bitmap size="32">
			0000 0000 0000 0000 0000 0000 0000 0000
			0000 0000 0000 0000 0000 0000 0000 0000
			0000 0000 0000 0000 0000 0000 0000 0000
			0000 0000 0000 0000 0000 0000 0000 0000
		</bitmap>
	</tex_image>
</tex_image_array>

<tex_palette_array size="35">
	<tex_palette index="0" name="c3_s03a_pl" color_size="4">
		49c0 5620 460b 3e13
	</tex_palette>
	<tex_palette index="1" name="c3_s03b.10_pl" color_size="8">
		0c63 14a5 1ce7 2106 2529 2948 318a 7fff
	</tex_palette>
	<tex_palette index="2" name="c3_s03b.11_pl" color_size="8">
		0c63 14a5 1ce7 2106 2529 2948 318a 7fff
	</tex_palette>
	<tex_palette index="3" name="c3_s03b.12_pl" color_size="8">
		0c63 14a5 1ce7 2106 2529 2948 318a 7fff
	</tex_palette>
	<tex_palette index="4" name="c3_s03b.13_pl" color_size="8">
		0c63 14a5 1ce7 2106 2529 2948 318a 7fff
	</tex_palette>
	<tex_palette index="5" name="c3_s03b.14_pl" color_size="8">
		0c63 14a5 1ce7 2106 2529 2948 318a 7fff
	</tex_palette>
	<tex_palette index="6" name="c3_s03b.15_pl" color_size="8">
		0c63 14a5 1ce7 2106 2529 2948 318a 7fff
	</tex_palette>
	<tex_palette index="7" name="c3_s03b.16_pl" color_size="8">
		0c63 14a5 1ce7 2106 2529 2948 318a 7fff
	</tex_palette>
	<tex_palette index="8" name="c3_s03b.1_pl" color_size="8">
		0c63 14a5 1ce7 2106 2529 2948 318a 7fff
	</tex_palette>
	<tex_palette index="9" name="c3_s03b.2_pl" color_size="8">
		0c63 14a5 1ce7 2106 2529 2948 318a 7fff
	</tex_palette>
	<tex_palette index="10" name="c3_s03b.3_pl" color_size="8">
		0c63 14a5 1ce7 2106 2529 2948 318a 7fff
	</tex_palette>
	<tex_palette index="11" name="c3_s03b.4_pl" color_size="8">
		0c63 14a5 1ce7 2106 2529 2948 318a 7fff
	</tex_palette>
	<tex_palette index="12" name="c3_s03b.5_pl" color_size="8">
		0c63 14a5 1ce7 2106 2529 2948 318a 7fff
	</tex_palette>
	<tex_palette index="13" name="c3_s03b.6_pl" color_size="8">
		0c63 14a5 1ce7 2106 2529 2948 318a 7fff
	</tex_palette>
	<tex_palette index="14" name="c3_s03b.7_pl" color_size="8">
		0c63 14a5 1ce7 2106 2529 2948 318a 7fff
	</tex_palette>
	<tex_palette index="15" name="c3_s03b.8_pl" color_size="8">
		0c63 14a5 1ce7 2106 2529 2948 318a 7fff
	</tex_palette>
	<tex_palette index="16" name="c3_s03b.9_pl" color_size="8">
		0c63 14a5 1ce7 2106 2529 2948 318a 7fff
	</tex_palette>
	<tex_palette index="17" name="c3_s03c.1_pl" color_size="4">
		2106 2948 318a 7fff
	</tex_palette>
	<tex_palette index="18" name="c3_s03c.2_pl" color_size="4">
		2106 2948 318a 7fff
	</tex_palette>
	<tex_palette index="19" name="c3_s03c.3_pl" color_size="4">
		2106 2948 318a 7fff
	</tex_palette>
	<tex_palette index="20" name="c3_s03c.4_pl" color_size="4">
		2106 2948 318a 7fff
	</tex_palette>
	<tex_palette index="21" name="c3_s03d_pl" color_size="16">
		0000 2213 3297 3ad9 21f7 1115 0cd3 004c
		0890 7fff 7fff 7fff 7fff 7fff 7fff 7fff
	</tex_palette>
	<tex_palette index="22" name="c3_slope1_pl" color_size="8">
		218e 46d9 29d1 3213 3e76 7fff 7fff 7fff
	</tex_palette>
	<tex_palette index="23" name="c3_slope2_pl" color_size="8">
		3a76 46d9 25b0 2df2 3634 7fff 7fff 7fff
	</tex_palette>
	<tex_palette index="24" name="dun03_waku_pl" color_size="4">
		42fa 1df3 2635 3277
	</tex_palette>
	<tex_palette index="25" name="dun_floor" color_size="8">
		214e 258f 29d1 2df2 3213 7fff 7fff 7fff
	</tex_palette>
	<tex_palette index="26" name="dun_floor2" color_size="8">
		3eb7 2e13 3656 3235 3275 3a76 7fff 7fff
	</tex_palette>
	<tex_palette index="27" name="dun_wall_c2b" color_size="16">
		18c7 1ce9 2109 254a 254b 296c 2dae 35f0
		4253 7fff 7fff 7fff 7fff 7fff 7fff 7fff
	</tex_palette>
	<tex_palette index="28" name="dun_wall_e2b" color_size="16">
		2129 35f0 298d 2daf 2dae 254b 14c7 1ce8
		1d09 25f1 216c 7fff 7fff 7fff 7fff 7fff
	</tex_palette>
	<tex_palette index="29" name="dun_wall_n" color_size="16">
		14a7 18ea 1ceb 212c 214d 298d 2df2 3635
		3655 7fff 7fff 7fff 7fff 7fff 7fff 7fff
	</tex_palette>
	<tex_palette index="30" name="dun_wall_n2b" color_size="16">
		254a 29ad 4a47 35f0 212b 14c7 1d09 18c8
		14a6 25f1 216c 7fff 7fff 7fff 7fff 7fff
	</tex_palette>
	<tex_palette index="31" name="dun_wall_s" color_size="16">
		18ea 212c 214d 298d 2dd1 2df2 3635 3655
		3e97 7fff 7fff 7fff 7fff 7fff 7fff 7fff
	</tex_palette>
	<tex_palette index="32" name="dun_wall_s2b" color_size="16">
		1d08 2dae 254b 298d 298d 1d2a 18e8 14a7
		212a 25f1 216c 7fff 7fff 7fff 7fff 7fff
	</tex_palette>
	<tex_palette index="33" name="dun_wall_w2b" color_size="16">
		2129 298d 2dcf 1d09 256c 14c7 18c7 1ce9
		1085 14c6 25f1 216c 7fff 7fff 7fff 7fff
	</tex_palette>
	<tex_palette index="34" name="h_kage_pl" color_size="4">
		0000 7fff 7fff 7fff
	</tex_palette>
</tex_palette_array>

<material_array size="9">
	<material index="0" name="c3_s03a"
		light0="off" light1="off" light2="off" light3="off"
		face="front"
		alpha="31"
		wire_mode="off"
		polygon_mode="modulate"
		polygon_id="8"
		fog_flag="on"
		depth_test_decal="off"
		translucent_update_depth="off"
		render_1_pixel="off"
		far_clipping="off"
		diffuse="25 25 25"
		ambient="31 31 31"
		specular="0 0 0"
		emission="0 0 0"
		shininess_table_flag="off"
		tex_image_idx="0" tex_palette_idx="0"
		tex_tiling="repeat repeat"
		tex_scale="1.000000 1.000000"
		tex_rotate="0.000000"
		tex_translate="0.000000 0.000000"
		tex_gen_mode="none"
	/>
	<material index="1" name="c3_s03b"
		light0="off" light1="off" light2="off" light3="off"
		face="front"
		alpha="31"
		wire_mode="off"
		polygon_mode="modulate"
		polygon_id="8"
		fog_flag="on"
		depth_test_decal="off"
		translucent_update_depth="off"
		render_1_pixel="off"
		far_clipping="off"
		diffuse="25 25 25"
		ambient="31 31 31"
		specular="0 0 0"
		emission="0 0 0"
		shininess_table_flag="off"
		tex_image_idx="1" tex_palette_idx="8"
		tex_tiling="repeat repeat"
		tex_scale="1.000000 1.000000"
		tex_rotate="0.000000"
		tex_translate="0.000000 0.000000"
		tex_gen_mode="none"
	/>
	<material index="2" name="c3_slope1"
		light0="off" light1="off" light2="off" light3="off"
		face="front"
		alpha="31"
		wire_mode="off"
		polygon_mode="modulate"
		polygon_id="0"
		fog_flag="on"
		depth_test_decal="off"
		translucent_update_depth="off"
		render_1_pixel="off"
		far_clipping="off"
		diffuse="25 25 25"
		ambient="25 25 25"
		specular="0 0 0"
		emission="0 0 0"
		shininess_table_flag="off"
		tex_image_idx="22" tex_palette_idx="22"
		tex_tiling="repeat repeat"
		tex_scale="1.000000 1.000000"
		tex_rotate="0.000000"
		tex_translate="0.000000 0.000000"
		tex_gen_mode="none"
	/>
	<material index="3" name="c3_slope2"
		light0="off" light1="off" light2="off" light3="off"
		face="front"
		alpha="31"
		wire_mode="off"
		polygon_mode="modulate"
		polygon_id="0"
		fog_flag="on"
		depth_test_decal="off"
		translucent_update_depth="off"
		render_1_pixel="off"
		far_clipping="off"
		diffuse="25 25 25"
		ambient="25 25 25"
		specular="0 0 0"
		emission="0 0 0"
		shininess_table_flag="off"
		tex_image_idx="23" tex_palette_idx="23"
		tex_tiling="repeat repeat"
		tex_scale="1.000000 1.000000"
		tex_rotate="0.000000"
		tex_translate="0.000000 0.000000"
		tex_gen_mode="none"
	/>
	<material index="4" name="dun03_01:h_kage"
		light0="on" light1="off" light2="off" light3="off"
		face="front"
		alpha="9"
		wire_mode="off"
		polygon_mode="modulate"
		polygon_id="0"
		fog_flag="on"
		depth_test_decal="off"
		translucent_update_depth="off"
		render_1_pixel="off"
		far_clipping="off"
		diffuse="25 25 25"
		ambient="31 31 31"
		specular="0 0 0"
		emission="0 0 0"
		shininess_table_flag="off"
		tex_image_idx="34" tex_palette_idx="34"
		tex_tiling="repeat repeat"
		tex_scale="1.000000 1.000000"
		tex_rotate="0.000000"
		tex_translate="0.000000 0.000000"
		tex_gen_mode="none"
	/>
	<material index="5" name="dun03_waku"
		light0="off" light1="off" light2="off" light3="off"
		face="front"
		alpha="31"
		wire_mode="off"
		polygon_mode="modulate"
		polygon_id="16"
		fog_flag="on"
		depth_test_decal="off"
		translucent_update_depth="off"
		render_1_pixel="off"
		far_clipping="off"
		diffuse="25 25 25"
		ambient="0 0 0"
		specular="0 0 0"
		emission="0 0 0"
		shininess_table_flag="off"
		tex_image_idx="24" tex_palette_idx="24"
		tex_tiling="repeat repeat"
		tex_scale="1.000000 1.000000"
		tex_rotate="0.000000"
		tex_translate="0.000000 0.000000"
		tex_gen_mode="none"
	/>
	<material index="6" name="dun_floor_"
		light0="off" light1="off" light2="off" light3="off"
		face="front"
		alpha="31"
		wire_mode="off"
		polygon_mode="modulate"
		polygon_id="0"
		fog_flag="on"
		depth_test_decal="off"
		translucent_update_depth="off"
		render_1_pixel="off"
		far_clipping="off"
		diffuse="25 25 25"
		ambient="31 31 31"
		specular="0 0 0"
		emission="0 0 0"
		shininess_table_flag="off"
		tex_image_idx="25" tex_palette_idx="25"
		tex_tiling="repeat repeat"
		tex_scale="1.000000 1.000000"
		tex_rotate="0.000000"
		tex_translate="0.000000 0.000000"
		tex_gen_mode="none"
	/>
	<material index="7" name="dun_wall_n"
		light0="off" light1="off" light2="off" light3="off"
		face="front"
		alpha="31"
		wire_mode="off"
		polygon_mode="modulate"
		polygon_id="0"
		fog_flag="on"
		depth_test_decal="off"
		translucent_update_depth="off"
		render_1_pixel="off"
		far_clipping="off"
		diffuse="25 25 25"
		ambient="31 31 31"
		specular="0 0 0"
		emission="0 0 0"
		shininess_table_flag="off"
		tex_image_idx="29" tex_palette_idx="29"
		tex_tiling="repeat repeat"
		tex_scale="1.000000 1.000000"
		tex_rotate="0.000000"
		tex_translate="0.000000 0.000000"
		tex_gen_mode="none"
	/>
	<material index="8" name="dun_wall_s"
		light0="off" light1="off" light2="off" light3="off"
		face="front"
		alpha="31"
		wire_mode="off"
