<?xml version="1.0" encoding="Shift_JIS"?>

<imd version="1.6.0">

<head>
	<create user="yoshida" host="W00151" date="2008-02-04T17:55:50"/>
	<title>Model Data for NINTENDO NITRO-System</title>
	<generator name="NNS_3DMaterialEditor" version="2.8.0.20050620"/>
</head>

<body>

<original_create user="yoshida" host="W00151" date="2007-06-13T21:33:54" source="m_dun0101_00_00nc.mb"/>
<original_generator name="Maya 6.5 NNS_Export" version="1.6.0.20060417"/>

<model_info
	pos_scale="1"
	scaling_rule="standard"
	vertex_style="direct"
	magnify="1.000000"
	tool_start_frame="1"
	tex_matrix_mode="maya"
	compress_node="merge" node_size="1 1"
	compress_material="on" material_size="1 1"
	output_texture="all"
	force_full_weight="off"
	use_primitive_strip="on"
/>

<box_test pos_scale="2" xyz="-2.000000 0.000000 -2.000000" whd="4.000000 0.000000 4.000000"/>

<tex_image_array size="16">
	<tex_image index="0" name="c3_s03b.1"
		width="16" height="32" original_width="16" original_height="32"
		format="palette16"
		color0_mode="color"
		palette_name="c3_s03b.1_pl"
		path="C:/ghome/area02/area02_btex/c3_s03b.1.tga"
	>
		<bitmap size="128">
			6663 6666 6666 3666 6663 5566 6665 3666
			6663 0056 6650 3666 5553 1055 5550 3555
			3333 0033 3330 3333 5553 5555 0055 3550
			6663 6666 1056 3650 3663 0000 0030 3650
			0363 1110 5300 3555 0053 2211 5001 3000
			1053 4421 0012 0111 1053 4442 0012 0111
			1033 2442 0011 0111 0053 1221 3001 3000
			0163 1110 0000 3300 2113 0000 1000 3001
			2213 1122 4101 3014 0213 0000 4101 3014
			0013 0111 1000 3001 1053 1222 0030 3300
			1033 1222 3330 3333 1053 1222 5550 3555
			0053 0111 6650 3666 0563 0000 0005 3665
			6663 5666 1110 3650 6663 5666 1110 3650
			6663 5666 1110 3650 5553 5555 0003 3553
			3333 3333 3333 3333 5553 5555 5555 3555
			6663 6666 6666 3666 6663 6666 6666 3666
		</bitmap>
	</tex_image>
	<tex_image index="1" name="c3_s03b.10"
		width="16" height="32" original_width="16" original_height="32"
		format="palette16"
		color0_mode="color"
		palette_name="c3_s03b.10_pl"
		path="C:/ghome/area02/area02_btex/c3_s03b.10.tga"
	>
		<bitmap size="128">
			6663 0056 6650 3666 5553 1055 5550 3555
			3333 0033 3330 3333 5553 5555 0055 3550
			6663 6666 1056 3650 3663 0000 0030 3650
			0363 1110 5300 3555 0053 2211 5001 3000
			1053 4421 0012 0111 1053 4442 0012 0111
			1033 2442 0011 0111 0053 1221 3001 3000
			0163 1110 0000 3300 2113 0000 1000 3001
			2213 1122 4101 3014 0213 0000 4101 3014
			0013 0111 1000 3001 1053 1222 0030 3300
			1033 1222 3330 3333 1053 1222 5550 3555
			0053 0111 6650 3666 0563 0000 0005 3665
			6663 5666 1110 3650 6663 5666 1110 3650
			6663 5666 1110 3650 5553 5555 0003 3553
			3333 3333 3333 3333 5553 5555 5555 3555
			6663 6666 6666 3666 6663 6666 6666 3666
			6663 6666 6666 3666 6663 5566 6665 3666
		</bitmap>
	</tex_image>
	<tex_image index="2" name="c3_s03b.11"
		width="16" height="32" original_width="16" original_height="32"
		format="palette16"
		color0_mode="color"
		palette_name="c3_s03b.11_pl"
		path="C:/ghome/area02/area02_btex/c3_s03b.11.tga"
	>
		<bitmap size="128">
			3333 0033 3330 3333 5553 5555 0055 3550
			6663 6666 1056 3650 3663 0000 0030 3650
			0363 1110 5300 3555 0053 2211 5001 3000
			1053 4421 0012 0111 1053 4442 0012 0111
			1033 2442 0011 0111 0053 1221 3001 3000
			0163 1110 0000 3300 2113 0000 1000 3001
			2213 1122 4101 3014 0213 0000 4101 3014
			0013 0111 1000 3001 1053 1222 0030 3300
			1033 1222 3330 3333 1053 1222 5550 3555
			0053 0111 6650 3666 0563 0000 0005 3665
			6663 5666 1110 3650 6663 5666 1110 3650
			6663 5666 1110 3650 5553 5555 0003 3553
			3333 3333 3333 3333 5553 5555 5555 3555
			6663 6666 6666 3666 6663 6666 6666 3666
			6663 6666 6666 3666 6663 5566 6665 3666
			6663 0056 6650 3666 5553 1055 5550 3555
		</bitmap>
	</tex_image>
	<tex_image index="3" name="c3_s03b.12"
		width="16" height="32" original_width="16" original_height="32"
		format="palette16"
		color0_mode="color"
		palette_name="c3_s03b.12_pl"
		path="C:/ghome/area02/area02_btex/c3_s03b.12.tga"
	>
		<bitmap size="128">
			6663 6666 1056 3650 3663 0000 0030 3650
			0363 1110 5300 3555 0053 2211 5001 3000
			1053 4421 0012 0111 1053 4442 0012 0111
			1033 2442 0011 0111 0053 1221 3001 3000
			0163 1110 0000 3300 2113 0000 1000 3001
			2213 1122 4101 3014 0213 0000 4101 3014
			0013 0111 1000 3001 1053 1222 0030 3300
			1033 1222 3330 3333 1053 1222 5550 3555
			0053 0111 6650 3666 0563 0000 0005 3665
			6663 5666 1110 3650 6663 5666 1110 3650
			6663 5666 1110 3650 5553 5555 0003 3553
			3333 3333 3333 3333 5553 5555 5555 3555
			6663 6666 6666 3666 6663 6666 6666 3666
			6663 6666 6666 3666 6663 5566 6665 3666
			6663 0056 6650 3666 5553 1055 5550 3555
			3333 0033 3330 3333 5553 5555 0055 3550
		</bitmap>
	</tex_image>
	<tex_image index="4" name="c3_s03b.13"
		width="16" height="32" original_width="16" original_height="32"
		format="palette16"
		color0_mode="color"
		palette_name="c3_s03b.13_pl"
		path="C:/ghome/area02/area02_btex/c3_s03b.13.tga"
	>
		<bitmap size="128">
			0363 1110 5300 3555 0053 2211 5001 3000
			1053 4421 0012 0111 1053 4442 0012 0111
			1033 2442 0011 0111 0053 1221 3001 3000
			0163 1110 0000 3300 2113 0000 1000 3001
			2213 1122 4101 3014 0213 0000 4101 3014
			0013 0111 1000 3001 1053 1222 0030 3300
			1033 1222 3330 3333 1053 1222 5550 3555
			0053 0111 6650 3666 0563 0000 0005 3665
			6663 5666 1110 3650 6663 5666 1110 3650
			6663 5666 1110 3650 5553 5555 0003 3553
			3333 3333 3333 3333 5553 5555 5555 3555
			6663 6666 6666 3666 6663 6666 6666 3666
			6663 6666 6666 3666 6663 5566 6665 3666
			6663 0056 6650 3666 5553 1055 5550 3555
			3333 0033 3330 3333 5553 5555 0055 3550
			6663 6666 1056 3650 3663 0000 0030 3650
		</bitmap>
	</tex_image>
	<tex_image index="5" name="c3_s03b.14"
		width="16" height="32" original_width="16" original_height="32"
		format="palette16"
		color0_mode="color"
		palette_name="c3_s03b.14_pl"
		path="C:/ghome/area02/area02_btex/c3_s03b.14.tga"
	>
		<bitmap size="128">
			1053 4421 0012 0111 1053 4442 0012 0111
			1033 2442 0011 0111 0053 1221 3001 3000
			0163 1110 0000 3300 2113 0000 1000 3001
			2213 1122 4101 3014 0213 0000 4101 3014
			0013 0111 1000 3001 1053 1222 0030 3300
			1033 1222 3330 3333 1053 1222 5550 3555
			0053 0111 6650 3666 0563 0000 0005 3665
			6663 5666 1110 3650 6663 5666 1110 3650
			6663 5666 1110 3650 5553 5555 0003 3553
			3333 3333 3333 3333 5553 5555 5555 3555
			6663 6666 6666 3666 6663 6666 6666 3666
			6663 6666 6666 3666 6663 5566 6665 3666
			6663 0056 6650 3666 5553 1055 5550 3555
			3333 0033 3330 3333 5553 5555 0055 3550
			6663 6666 1056 3650 3663 0000 0030 3650
			0363 1110 5300 3555 0053 2211 5001 3000
		</bitmap>
	</tex_image>
	<tex_image index="6" name="c3_s03b.15"
		width="16" height="32" original_width="16" original_height="32"
		format="palette16"
		color0_mode="color"
		palette_name="c3_s03b.15_pl"
		path="C:/ghome/area02/area02_btex/c3_s03b.15.tga"
	>
		<bitmap size="128">
			1033 2442 0011 0111 0053 1221 3001 3000
			0163 1110 0000 3300 2113 0000 1000 3001
			2213 1122 4101 3014 0213 0000 4101 3014
			0013 0111 1000 3001 1053 1222 0030 3300
			1033 1222 3330 3333 1053 1222 5550 3555
			0053 0111 6650 3666 0563 0000 0005 3665
			6663 5666 1110 3650 6663 5666 1110 3650
			6663 5666 1110 3650 5553 5555 0003 3553
			3333 3333 3333 3333 5553 5555 5555 3555
			6663 6666 6666 3666 6663 6666 6666 3666
			6663 6666 6666 3666 6663 5566 6665 3666
			6663 0056 6650 3666 5553 1055 5550 3555
			3333 0033 3330 3333 5553 5555 0055 3550
			6663 6666 1056 3650 3663 0000 0030 3650
			0363 1110 5300 3555 0053 2211 5001 3000
			1053 4421 0012 0111 1053 4442 0012 0111
		</bitmap>
	</tex_image>
	<tex_image index="7" name="c3_s03b.16"
		width="16" height="32" original_width="16" original_height="32"
		format="palette16"
		color0_mode="color"
		palette_name="c3_s03b.16_pl"
		path="C:/ghome/area02/area02_btex/c3_s03b.16.tga"
	>
		<bitmap size="128">
			0163 1110 0000 3300 2113 0000 1000 3001
			2213 1122 4101 3014 0213 0000 4101 3014
			0013 0111 1000 3001 1053 1222 0030 3300
			1033 1222 3330 3333 1053 1222 5550 3555
			0053 0111 6650 3666 0563 0000 0005 3665
			6663 5666 1110 3650 6663 5666 1110 3650
			6663 5666 1110 3650 5553 5555 0003 3553
			3333 3333 3333 3333 5553 5555 5555 3555
			6663 6666 6666 3666 6663 6666 6666 3666
			6663 6666 6666 3666 6663 5566 6665 3666
			6663 0056 6650 3666 5553 1055 5550 3555
			3333 0033 3330 3333 5553 5555 0055 3550
			6663 6666 1056 3650 3663 0000 0030 3650
			0363 1110 5300 3555 0053 2211 5001 3000
			1053 4421 0012 0111 1053 4442 0012 0111
			1033 2442 0011 0111 0053 1221 3001 3000
		</bitmap>
	</tex_image>
	<tex_image index="8" name="c3_s03b.2"
		width="16" height="32" original_width="16" original_height="32"
		format="palette16"
		color0_mode="color"
		palette_name="c3_s03b.2_pl"
		path="C:/ghome/area02/area02_btex/c3_s03b.2.tga"
	>
		<bitmap size="128">
			2213 1122 4101 3014 0213 0000 4101 3014
			0013 0111 1000 3001 1053 1222 0030 3300
			1033 1222 3330 3333 1053 1222 5550 3555
			0053 0111 6650 3666 0563 0000 0005 3665
			6663 5666 1110 3650 6663 5666 1110 3650
			6663 5666 1110 3650 5553 5555 0003 3553
			3333 3333 3333 3333 5553 5555 5555 3555
			6663 6666 6666 3666 6663 6666 6666 3666
			6663 6666 6666 3666 6663 5566 6665 3666
			6663 0056 6650 3666 5553 1055 5550 3555
			3333 0033 3330 3333 5553 5555 0055 3550
			6663 6666 1056 3650 3663 0000 0030 3650
			0363 1110 5300 3555 0053 2211 5001 3000
			1053 4421 0012 0111 1053 4442 0012 0111
			1033 2442 0011 0111 0053 1221 3001 3000
			0163 1110 0000 3300 2113 0000 1000 3001
		</bitmap>
	</tex_image>
	<tex_image index="9" name="c3_s03b.3"
		width="16" height="32" original_width="16" original_height="32"
		format="palette16"
		color0_mode="color"
		palette_name="c3_s03b.3_pl"
		path="C:/ghome/area02/area02_btex/c3_s03b.3.tga"
	>
		<bitmap size="128">
			0013 0111 1000 3001 1053 1222 0030 3300
			1033 1222 3330 3333 1053 1222 5550 3555
			0053 0111 6650 3666 0563 0000 0005 3665
			6663 5666 1110 3650 6663 5666 1110 3650
			6663 5666 1110 3650 5553 5555 0003 3553
			3333 3333 3333 3333 5553 5555 5555 3555
			6663 6666 6666 3666 6663 6666 6666 3666
			6663 6666 6666 3666 6663 5566 6665 3666
			6663 0056 6650 3666 5553 1055 5550 3555
			3333 0033 3330 3333 5553 5555 0055 3550
			6663 6666 1056 3650 3663 0000 0030 3650
			0363 1110 5300 3555 0053 2211 5001 3000
			1053 4421 0012 0111 1053 4442 0012 0111
			1033 2442 0011 0111 0053 1221 3001 3000
			0163 1110 0000 3300 2113 0000 1000 3001
			2213 1122 4101 3014 0213 0000 4101 3014
		</bitmap>
	</tex_image>
	<tex_image index="10" name="c3_s03b.4"
		width="16" height="32" original_width="16" original_height="32"
		format="palette16"
		color0_mode="color"
		palette_name="c3_s03b.4_pl"
		path="C:/ghome/area02/area02_btex/c3_s03b.4.tga"
	>
		<bitmap size="128">
			1033 1222 3330 3333 1053 1222 5550 3555
			0053 0111 6650 3666 0563 0000 0005 3665
			6663 5666 1110 3650 6663 5666 1110 3650
			6663 5666 1110 3650 5553 5555 0003 3553
			3333 3333 3333 3333 5553 5555 5555 3555
			6663 6666 6666 3666 6663 6666 6666 3666
			6663 6666 6666 3666 6663 5566 6665 3666
			6663 0056 6650 3666 5553 1055 5550 3555
			3333 0033 3330 3333 5553 5555 0055 3550
			6663 6666 1056 3650 3663 0000 0030 3650
			0363 1110 5300 3555 0053 2211 5001 3000
			1053 4421 0012 0111 1053 4442 0012 0111
			1033 2442 0011 0111 0053 1221 3001 3000
			0163 1110 0000 3300 2113 0000 1000 3001
			2213 1122 4101 3014 0213 0000 4101 3014
			0013 0111 1000 3001 1053 1222 0030 3300
		</bitmap>
	</tex_image>
	<tex_image index="11" name="c3_s03b.5"
		width="16" height="32" original_width="16" original_height="32"
		format="palette16"
		color0_mode="color"
		palette_name="c3_s03b.5_pl"
		path="C:/ghome/area02/area02_btex/c3_s03b.5.tga"
	>
		<bitmap size="128">
			0053 0111 6650 3666 0563 0000 0005 3665
			6663 5666 1110 3650 6663 5666 1110 3650
			6663 5666 1110 3650 5553 5555 0003 3553
			3333 3333 3333 3333 5553 5555 5555 3555
			6663 6666 6666 3666 6663 6666 6666 3666
			6663 6666 6666 3666 6663 5566 6665 3666
			6663 0056 6650 3666 5553 1055 5550 3555
			3333 0033 3330 3333 5553 5555 0055 3550
			6663 6666 1056 3650 3663 0000 0030 3650
			0363 1110 5300 3555 0053 2211 5001 3000
			1053 4421 0012 0111 1053 4442 0012 0111
			1033 2442 0011 0111 0053 1221 3001 3000
			0163 1110 0000 3300 2113 0000 1000 3001
			2213 1122 4101 3014 0213 0000 4101 3014
			0013 0111 1000 3001 1053 1222 0030 3300
			1033 1222 3330 3333 1053 1222 5550 3555
		</bitmap>
	</tex_image>
	<tex_image index="12" name="c3_s03b.6"
		width="16" height="32" original_width="16" original_height="32"
		format="palette16"
		color0_mode="color"
		palette_name="c3_s03b.6_pl"
		path="C:/ghome/area02/area02_btex/c3_s03b.6.tga"
	>
		<bitmap size="128">
			6663 5666 1110 3650 6663 5666 1110 3650
			6663 5666 1110 3650 5553 5555 0003 3553
			3333 3333 3333 3333 5553 5555 5555 3555
			6663 6666 6666 3666 6663 6666 6666 3666
			6663 6666 6666 3666 6663 5566 6665 3666
			6663 0056 6650 3666 5553 1055 5550 3555
			3333 0033 3330 3333 5553 5555 0055 3550
			6663 6666 1056 3650 3663 0000 0030 3650
			0363 1110 5300 3555 0053 2211 5001 3000
			1053 4421 0012 0111 1053 4442 0012 0111
			1033 2442 0011 0111 0053 1221 3001 3000
			0163 1110 0000 3300 2113 0000 1000 3001
			2213 1122 4101 3014 0213 0000 4101 3014
			0013 0111 1000 3001 1053 1222 0030 3300
			1033 1222 3330 3333 1053 1222 5550 3555
			0053 0111 6650 3666 0563 0000 0005 3665
		</bitmap>
	</tex_image>
	<tex_image index="13" name="c3_s03b.7"
		width="16" height="32" original_width="16" original_height="32"
		format="palette16"
		color0_mode="color"
		palette_name="c3_s03b.7_pl"
		path="C:/ghome/area02/area02_btex/c3_s03b.7.tga"
	>
		<bitmap size="128">
			6663 5666 1110 3650 5553 5555 0003 3553
			3333 3333 3333 3333 5553 5555 5555 3555
			6663 6666 6666 3666 6663 6666 6666 3666
			6663 6666 6666 3666 6663 5566 6665 3666
			6663 0056 6650 3666 5553 1055 5550 3555
			3333 0033 3330 3333 5553 5555 0055 3550
			6663 6666 1056 3650 3663 0000 0030 3650
			0363 1110 5300 3555 0053 2211 5001 3000
			1053 4421 0012 0111 1053 4442 0012 0111
			1033 2442 0011 0111 0053 1221 3001 3000
			0163 1110 0000 3300 2113 0000 1000 3001
			2213 1122 4101 3014 0213 0000 4101 3014
			0013 0111 1000 3001 1053 1222 0030 3300
			1033 1222 3330 3333 1053 1222 5550 3555
			0053 0111 6650 3666 0563 0000 0005 3665
			6663 5666 1110 3650 6663 5666 1110 3650
		</bitmap>
	</tex_image>
	<tex_image index="14" name="c3_s03b.8"
		width="16" height="32" original_width="16" original_height="32"
		format="palette16"
		color0_mode="color"
		palette_name="c3_s03b.8_pl"
		path="C:/ghome/area02/area02_btex/c3_s03b.8.tga"
	>
		<bitmap size="128">
			3333 3333 3333 3333 5553 5555 5555 3555
			6663 6666 6666 3666 6663 6666 6666 3666
			6663 6666 6666 3666 6663 5566 6665 3666
			6663 0056 6650 3666 5553 1055 5550 3555
			3333 0033 3330 3333 5553 5555 0055 3550
			6663 6666 1056 3650 3663 0000 0030 3650
			0363 1110 5300 3555 0053 2211 5001 3000
			1053 4421 0012 0111 1053 4442 0012 0111
			1033 2442 0011 0111 0053 1221 3001 3000
			0163 1110 0000 3300 2113 0000 1000 3001
			2213 1122 4101 3014 0213 0000 4101 3014
			0013 0111 1000 3001 1053 1222 0030 3300
			1033 1222 3330 3333 1053 1222 5550 3555
			0053 0111 6650 3666 0563 0000 0005 3665
			6663 5666 1110 3650 6663 5666 1110 3650
			6663 5666 1110 3650 5553 5555 0003 3553
		</bitmap>
	</tex_image>
	<tex_image index="15" name="c3_s03b.9"
		width="16" height="32" original_width="16" original_height="32"
		format="palette16"
		color0_mode="color"
		palette_name="c3_s03b.9_pl"
		path="C:/ghome/area02/area02_btex/c3_s03b.9.tga"
	>
		<bitmap size="128">
			6663 6666 6666 3666 6663 6666 6666 3666
			6663 6666 6666 3666 6663 5566 6665 3666
			6663 0056 6650 3666 5553 1055 5550 3555
			3333 0033 3330 3333 5553 5555 0055 3550
			6663 6666 1056 3650 3663 0000 0030 3650
			0363 1110 5300 3555 0053 2211 5001 3000
			1053 4421 0012 0111 1053 4442 0012 0111
			1033 2442 0011 0111 0053 1221 3001 3000
			0163 1110 0000 3300 2113 0000 1000 3001
			2213 1122 4101 3014 0213 0000 4101 3014
			0013 0111 1000 3001 1053 1222 0030 3300
			1033 1222 3330 3333 1053 1222 5550 3555
			0053 0111 6650 3666 0563 0000 0005 3665
			6663 5666 1110 3650 6663 5666 1110 3650
			6663 5666 1110 3650 5553 5555 0003 3553
			3333 3333 3333 3333 5553 5555 5555 3555
		</bitmap>
	</tex_image>
</tex_image_array>

<tex_palette_array size="16">
	<tex_palette index="0" name="c3_s03b.10_pl" color_size="8">
		0c63 14a5 1ce7 2106 2529 2948 318a 7fff
	</tex_palette>
	<tex_palette index="1" name="c3_s03b.11_pl" color_size="8">
		0c63 14a5 1ce7 2106 2529 2948 318a 7fff
	</tex_palette>
	<tex_palette index="2" name="c3_s03b.12_pl" color_size="8">
		0c63 14a5 1ce7 2106 2529 2948 318a 7fff
	</tex_palette>
	<tex_palette index="3" name="c3_s03b.13_pl" color_size="8">
		0c63 14a5 1ce7 2106 2529 2948 318a 7fff
	</tex_palette>
	<tex_palette index="4" name="c3_s03b.14_pl" color_size="8">
		0c63 14a5 1ce7 2106 2529 2948 318a 7fff
	</tex_palette>
	<tex_palette index="5" name="c3_s03b.15_pl" color_size="8">
		0c63 14a5 1ce7 2106 2529 2948 318a 7fff
	</tex_palette>
	<tex_palette index="6" name="c3_s03b.16_pl" color_size="8">
		0c63 14a5 1ce7 2106 2529 2948 318a 7fff
	</tex_palette>
	<tex_palette index="7" name="c3_s03b.1_pl" color_size="8">
		0c63 14a5 1ce7 2106 2529 2948 318a 7fff
	</tex_palette>
	<tex_palette index="8" name="c3_s03b.2_pl" color_size="8">
		0c63 14a5 1ce7 2106 2529 2948 318a 7fff
	</tex_palette>
	<tex_palette index="9" name="c3_s03b.3_pl" color_size="8">
		0c63 14a5 1ce7 2106 2529 2948 318a 7fff
	</tex_palette>
	<tex_palette index="10" name="c3_s03b.4_pl" color_size="8">
		0c63 14a5 1ce7 2106 2529 2948 318a 7fff
	</tex_palette>
	<tex_palette index="11" name="c3_s03b.5_pl" color_size="8">
		0c63 14a5 1ce7 2106 2529 2948 318a 7fff
	</tex_palette>
	<tex_palette index="12" name="c3_s03b.6_pl" color_size="8">
		0c63 14a5 1ce7 2106 2529 2948 318a 7fff
	</tex_palette>
	<tex_palette index="13" name="c3_s03b.7_pl" color_size="8">
		0c63 14a5 1ce7 2106 2529 2948 318a 7fff
	</tex_palette>
	<tex_palette index="14" name="c3_s03b.8_pl" color_size="8">
		0c63 14a5 1ce7 2106 2529 2948 318a 7fff
	</tex_palette>
	<tex_palette index="15" name="c3_s03b.9_pl" color_size="8">
		0c63 14a5 1ce7 2106 2529 2948 318a 7fff
	</tex_palette>
</tex_palette_array>

<material_array size="1">
	<material index="0" name="c3_s03b_lm8"
		light0="off" light1="off" light2="off" light3="off"
		face="front"
		alpha="31"
		wire_mode="off"
		polygon_mode="modulate"
		polygon_id="7"
		fog_flag="on"
		depth_test_decal="off"
		translucent_update_depth="off"
		render_1_pixel="off"
		far_clipping="off"
		diffuse="25 25 25"
		ambient="31 31 31"
		specular="0 0 0"
		emission="0 0 0"
		shininess_table_flag="off"
		tex_image_idx="0" tex_palette_idx="7"
		tex_tiling="repeat repeat"
		tex_scale="1.000000 1.000000"
		tex_rotate="0.000000"
		tex_translate="0.000000 0.000000"
		tex_gen_mode="none"
	/>
</material_array>

<matrix_array size="1">
	<matrix index="0" mtx_weight="1" node_idx="0"/>
</matrix_array>

<polygon_array size="1">
	<polygon index="0" name="polygon0"
		vertex_size="4" polygon_size="1"
		triangle_size="0" quad_size="1"
		volume_min="-4.000000 0.000000 -4.000000"
		volume_max="4.000000 0.000000 4.000000"
		volume_r="5.656738"
		mtx_prim_size="1"
		nrm_flag="off" clr_flag="off" tex_flag="on"
	>
		<mtx_prim index="0">
			<mtx_list size="1">0</mtx_list>
			<primitive_array size="1">
				<primitive index="0" type="quads" vertex_size="4">
					<mtx idx="0"/>
					<tex st="0.000000 16.000000"/>
					<pos_s xyz="-4.000000 0.000000 4.000000"/>
					<tex st="16.000000 16.000000"/>
					<pos_xy xy="4.000000 0.000000"/>
					<tex st="16.000000 0.000000"/>
					<pos_xz xz="4.000000 -4.000000"/>
					<tex st="0.000000 0.000000"/>
					<pos_xy xy="-4.000000 0.000000"/>
				</primitive>
			</primitive_array>
		</mtx_prim>
	</polygon>
</polygon_array>

<node_array size="1">
	<node index="0" name="pPlane1" kind="mesh"
		parent="-1"
		child="-1"
		brother_next="-1"
		brother_prev="-1"
		draw_mtx="on"
		billboard="off"
		scale="1.000000 1.000000 1.000000"
		rotate="0.000000 0.000000 0.000000"
		translate="0.000000 0.000000 0.000000"
		visibility="on"
		display_size="1"
		vertex_size="4" polygon_size="1"
		triangle_size="0" quad_size="1"
		volume_min="-4.000000 0.000000 -4.000000"
		volume_max="4.000000 0.000000 4.000000"
		volume_r="5.656738"
	>
		<display index="0" material="0" polygon="0" priority="0"/>
	</node>
</node_array>

<output_info vertex_size="4" polygon_size="1"
	triangle_size="0" quad_size="1"/>

<ex_nns_3dme>
	<ex_model_info scene_name="デフォルトシーン" disp_pos="0.000000 60.000000"/>
	<ex_tex_image_array size="16">
		<ex_tex_image index="0" disp_pos="0.000000 0.000000"/>
		<ex_tex_image index="1" disp_pos="0.000000 0.000000"/>
		<ex_tex_image index="2" disp_pos="0.000000 0.000000"/>
		<ex_tex_image index="3" disp_pos="0.000000 0.000000"/>
		<ex_tex_image index="4" disp_pos="0.000000 0.000000"/>
		<ex_tex_image index="5" disp_pos="0.000000 0.000000"/>
		<ex_tex_image index="6" disp_pos="0.000000 0.000000"/>
		<ex_tex_image index="7" disp_pos="0.000000 0.000000"/>
		<ex_tex_image index="8" disp_pos="0.000000 0.000000"/>
		<ex_tex_image index="9" disp_pos="0.000000 0.000000"/>
		<ex_tex_image index="10" disp_pos="0.000000 0.000000"/>
		<ex_tex_image index="11" disp_pos="0.000000 0.000000"/>
		<ex_tex_image index="12" disp_pos="0.000000 0.000000"/>
		<ex_tex_image index="13" disp_pos="0.000000 0.000000"/>
		<ex_tex_image index="14" disp_pos="0.000000 0.000000"/>
		<ex_tex_image index="15" disp_pos="0.000000 0.000000"/>
	</ex_tex_image_array>
	<ex_tex_palette_array size="16">
		<ex_tex_palette index="0" disp_pos="0.000000 0.000000"/>
		<ex_tex_palette index="1" disp_pos="0.000000 0.000000"/>
		<ex_tex_palette index="2" disp_pos="0.000000 0.000000"/>
		<ex_tex_palette index="3" disp_pos="0.000000 0.000000"/>
		<ex_tex_palette index="4" disp_pos="0.000000 0.000000"/>
		<ex_tex_palette index="5" disp_pos="0.000000 0.000000"/>
		<ex_tex_palette index="6" disp_pos="0.000000 0.000000"/>
		<ex_tex_palette index="7" disp_pos="0.000000 0.000000"/>
		<ex_tex_palette index="8" disp_pos="0.000000 0.000000"/>
		<ex_tex_palette index="9" disp_pos="0.000000 0.000000"/>
		<ex_tex_palette index="10" disp_pos="0.000000 0.000000"/>
		<ex_tex_palette index="11" disp_pos="0.000000 0.000000"/>
		<ex_tex_palette index="12" disp_pos="0.000000 0.000000"/>
		<ex_tex_palette index="13" disp_pos="0.000000 0.000000"/>
		<ex_tex_palette index="14" disp_pos="0.000000 0.000000"/>
		<ex_tex_palette index="15" disp_pos="0.000000 0.000000"/>
	</ex_tex_palette_array>
	<ex_material_array size="1">
		<ex_material index="0" disp_pos="0.000000 240.000000"/>
	</ex_material_array>
	<ex_polygon_array size="1">
		<ex_polygon index="0" disp_pos="0.000000 180.000000"/>
	</ex_polygon_array>
	<ex_node_array size="1">
		<ex_node index="0" disp_pos="0.000000 120.000000"/>
	</ex_node_array>
</ex_nns_3dme>

</body>

</imd>
