<?xml version="1.0" encoding="Shift_JIS"?>

<imd version="1.6.0">

<head>
	<create user="yoshida" host="W00151" date="2007-12-27T15:16:12" source="c3_s03.mb"/>
	<title>Model Data for NINTENDO NITRO-System</title>
	<generator name="Maya 6.5 NNS_Export" version="1.6.0.20060417"/>
</head>

<body>

<original_create user="yoshida" host="W00151" date="2007-12-27T15:16:12" source="c3_s03.mb"/>
<original_generator name="Maya 6.5 NNS_Export" version="1.6.0.20060417"/>

<model_info
	pos_scale="5"
	scaling_rule="standard"
	vertex_style="direct"
	magnify="1.000000"
	tool_start_frame="1"
	tex_matrix_mode="maya"
	compress_node="merge" node_size="1 1"
	compress_material="on" material_size="5 5"
	output_texture="all"
	force_full_weight="off"
	use_primitive_strip="on"
/>

<box_test pos_scale="6" xyz="-1.546875 -0.484375 -3.343750" whd="4.843750 2.671875 6.843750"/>

<tex_image_array size="23">
	<tex_image index="0" name="c3_s03a"
		width="16" height="16" original_width="16" original_height="16"
		format="palette4"
		color0_mode="color"
		palette_name="c3_s03a_pl"
		path="C:/mayadata/c3_s03/tex/c3_s03a.tga"
	>
		<bitmap size="32">
			5555 5555 5555 6655 5555 9995 5555 6a95
			9555 5655 6955 5556 a555 599a b955 66aa
			9999 5aab 9669 6e6a 55a5 5a5a 5555 5555
			aaaa aaaa 0000 0000 0000 0000 0000 0000
		</bitmap>
	</tex_image>
	<tex_image index="1" name="c3_s03b.1"
		width="16" height="32" original_width="16" original_height="32"
		format="palette16"
		color0_mode="color"
		palette_name="c3_s03b.1_pl"
		path="C:/ghome/dun03/dun03_chip/tex/c3_s03b.1.tga"
	>
		<bitmap size="128">
			6663 6666 6666 3666 6663 5566 6665 3666
			6663 0056 6650 3666 5553 1055 5550 3555
			3333 0033 3330 3333 5553 5555 0055 3550
			6663 6666 1056 3650 3663 0000 0030 3650
			0363 1110 5300 3555 0053 2211 5001 3000
			1053 4421 0012 0111 1053 4442 0012 0111
			1033 2442 0011 0111 0053 1221 3001 3000
			0163 1110 0000 3300 2113 0000 1000 3001
			2213 1122 4101 3014 0213 0000 4101 3014
			0013 0111 1000 3001 1053 1222 0030 3300
			1033 1222 3330 3333 1053 1222 5550 3555
			0053 0111 6650 3666 0563 0000 0005 3665
			6663 5666 1110 3650 6663 5666 1110 3650
			6663 5666 1110 3650 5553 5555 0003 3553
			3333 3333 3333 3333 5553 5555 5555 3555
			6663 6666 6666 3666 6663 6666 6666 3666
		</bitmap>
	</tex_image>
	<tex_image index="2" name="c3_s03b.10"
		width="16" height="32" original_width="16" original_height="32"
		format="palette16"
		color0_mode="color"
		palette_name="c3_s03b.10_pl"
		path="C:/ghome/dun03/dun03_chip/tex/c3_s03b.10.tga"
	>
		<bitmap size="128">
			0013 0111 1000 3001 1053 1222 0030 3300
			1033 1222 3330 3333 1053 1222 5550 3555
			0053 0111 6650 3666 0563 0000 0005 3665
			6663 5666 1110 3650 6663 5666 1110 3650
			6663 5666 1110 3650 5553 5555 0003 3553
			3333 3333 3333 3333 5553 5555 5555 3555
			6663 6666 6666 3666 6663 6666 6666 3666
			6663 6666 6666 3666 6663 5566 6665 3666
			6663 0056 6650 3666 5553 1055 5550 3555
			3333 0033 3330 3333 5553 5555 0055 3550
			6663 6666 1056 3650 3663 0000 0030 3650
			0363 1110 5300 3555 0053 2211 5001 3000
			1053 4421 0012 0111 1053 4442 0012 0111
			1033 2442 0011 0111 0053 1221 3001 3000
			0163 1110 0000 3300 2113 0000 1000 3001
			2213 1122 4101 3014 0213 0000 4101 3014
		</bitmap>
	</tex_image>
	<tex_image index="3" name="c3_s03b.11"
		width="16" height="32" original_width="16" original_height="32"
		format="palette16"
		color0_mode="color"
		palette_name="c3_s03b.11_pl"
		path="C:/ghome/dun03/dun03_chip/tex/c3_s03b.11.tga"
	>
		<bitmap size="128">
			1033 1222 3330 3333 1053 1222 5550 3555
			0053 0111 6650 3666 0563 0000 0005 3665
			6663 5666 1110 3650 6663 5666 1110 3650
			6663 5666 1110 3650 5553 5555 0003 3553
			3333 3333 3333 3333 5553 5555 5555 3555
			6663 6666 6666 3666 6663 6666 6666 3666
			6663 6666 6666 3666 6663 5566 6665 3666
			6663 0056 6650 3666 5553 1055 5550 3555
			3333 0033 3330 3333 5553 5555 0055 3550
			6663 6666 1056 3650 3663 0000 0030 3650
			0363 1110 5300 3555 0053 2211 5001 3000
			1053 4421 0012 0111 1053 4442 0012 0111
			1033 2442 0011 0111 0053 1221 3001 3000
			0163 1110 0000 3300 2113 0000 1000 3001
			2213 1122 4101 3014 0213 0000 4101 3014
			0013 0111 1000 3001 1053 1222 0030 3300
		</bitmap>
	</tex_image>
	<tex_image index="4" name="c3_s03b.12"
		width="16" height="32" original_width="16" original_height="32"
		format="palette16"
		color0_mode="color"
		palette_name="c3_s03b.12_pl"
		path="C:/ghome/dun03/dun03_chip/tex/c3_s03b.12.tga"
	>
		<bitmap size="128">
			0053 0111 6650 3666 0563 0000 0005 3665
			6663 5666 1110 3650 6663 5666 1110 3650
			6663 5666 1110 3650 5553 5555 0003 3553
			3333 3333 3333 3333 5553 5555 5555 3555
			6663 6666 6666 3666 6663 6666 6666 3666
			6663 6666 6666 3666 6663 5566 6665 3666
			6663 0056 6650 3666 5553 1055 5550 3555
			3333 0033 3330 3333 5553 5555 0055 3550
			6663 6666 1056 3650 3663 0000 0030 3650
			0363 1110 5300 3555 0053 2211 5001 3000
			1053 4421 0012 0111 1053 4442 0012 0111
			1033 2442 0011 0111 0053 1221 3001 3000
			0163 1110 0000 3300 2113 0000 1000 3001
			2213 1122 4101 3014 0213 0000 4101 3014
			0013 0111 1000 3001 1053 1222 0030 3300
			1033 1222 3330 3333 1053 1222 5550 3555
		</bitmap>
	</tex_image>
	<tex_image index="5" name="c3_s03b.13"
		width="16" height="32" original_width="16" original_height="32"
		format="palette16"
		color0_mode="color"
		palette_name="c3_s03b.13_pl"
		path="C:/ghome/dun03/dun03_chip/tex/c3_s03b.13.tga"
	>
		<bitmap size="128">
			6663 5666 1110 3650 6663 5666 1110 3650
			6663 5666 1110 3650 5553 5555 0003 3553
			3333 3333 3333 3333 5553 5555 5555 3555
			6663 6666 6666 3666 6663 6666 6666 3666
			6663 6666 6666 3666 6663 5566 6665 3666
			6663 0056 6650 3666 5553 1055 5550 3555
			3333 0033 3330 3333 5553 5555 0055 3550
			6663 6666 1056 3650 3663 0000 0030 3650
			0363 1110 5300 3555 0053 2211 5001 3000
			1053 4421 0012 0111 1053 4442 0012 0111
			1033 2442 0011 0111 0053 1221 3001 3000
			0163 1110 0000 3300 2113 0000 1000 3001
			2213 1122 4101 3014 0213 0000 4101 3014
			0013 0111 1000 3001 1053 1222 0030 3300
			1033 1222 3330 3333 1053 1222 5550 3555
			0053 0111 6650 3666 0563 0000 0005 3665
		</bitmap>
	</tex_image>
	<tex_image index="6" name="c3_s03b.14"
		width="16" height="32" original_width="16" original_height="32"
		format="palette16"
		color0_mode="color"
		palette_name="c3_s03b.14_pl"
		path="C:/ghome/dun03/dun03_chip/tex/c3_s03b.14.tga"
	>
		<bitmap size="128">
			6663 5666 1110 3650 5553 5555 0003 3553
			3333 3333 3333 3333 5553 5555 5555 3555
			6663 6666 6666 3666 6663 6666 6666 3666
			6663 6666 6666 3666 6663 5566 6665 3666
			6663 0056 6650 3666 5553 1055 5550 3555
			3333 0033 3330 3333 5553 5555 0055 3550
			6663 6666 1056 3650 3663 0000 0030 3650
			0363 1110 5300 3555 0053 2211 5001 3000
			1053 4421 0012 0111 1053 4442 0012 0111
			1033 2442 0011 0111 0053 1221 3001 3000
			0163 1110 0000 3300 2113 0000 1000 3001
			2213 1122 4101 3014 0213 0000 4101 3014
			0013 0111 1000 3001 1053 1222 0030 3300
			1033 1222 3330 3333 1053 1222 5550 3555
			0053 0111 6650 3666 0563 0000 0005 3665
			6663 5666 1110 3650 6663 5666 1110 3650
		</bitmap>
	</tex_image>
	<tex_image index="7" name="c3_s03b.15"
		width="16" height="32" original_width="16" original_height="32"
		format="palette16"
		color0_mode="color"
		palette_name="c3_s03b.15_pl"
		path="C:/ghome/dun03/dun03_chip/tex/c3_s03b.15.tga"
	>
		<bitmap size="128">
			3333 3333 3333 3333 5553 5555 5555 3555
			6663 6666 6666 3666 6663 6666 6666 3666
			6663 6666 6666 3666 6663 5566 6665 3666
			6663 0056 6650 3666 5553 1055 5550 3555
			3333 0033 3330 3333 5553 5555 0055 3550
			6663 6666 1056 3650 3663 0000 0030 3650
			0363 1110 5300 3555 0053 2211 5001 3000
			1053 4421 0012 0111 1053 4442 0012 0111
			1033 2442 0011 0111 0053 1221 3001 3000
			0163 1110 0000 3300 2113 0000 1000 3001
			2213 1122 4101 3014 0213 0000 4101 3014
			0013 0111 1000 3001 1053 1222 0030 3300
			1033 1222 3330 3333 1053 1222 5550 3555
			0053 0111 6650 3666 0563 0000 0005 3665
			6663 5666 1110 3650 6663 5666 1110 3650
			6663 5666 1110 3650 5553 5555 0003 3553
		</bitmap>
	</tex_image>
	<tex_image index="8" name="c3_s03b.16"
		width="16" height="32" original_width="16" original_height="32"
		format="palette16"
		color0_mode="color"
		palette_name="c3_s03b.16_pl"
		path="C:/ghome/dun03/dun03_chip/tex/c3_s03b.16.tga"
	>
		<bitmap size="128">
			6663 6666 6666 3666 6663 6666 6666 3666
			6663 6666 6666 3666 6663 5566 6665 3666
			6663 0056 6650 3666 5553 1055 5550 3555
			3333 0033 3330 3333 5553 5555 0055 3550
			6663 6666 1056 3650 3663 0000 0030 3650
			0363 1110 5300 3555 0053 2211 5001 3000
			1053 4421 0012 0111 1053 4442 0012 0111
			1033 2442 0011 0111 0053 1221 3001 3000
			0163 1110 0000 3300 2113 0000 1000 3001
			2213 1122 4101 3014 0213 0000 4101 3014
			0013 0111 1000 3001 1053 1222 0030 3300
			1033 1222 3330 3333 1053 1222 5550 3555
			0053 0111 6650 3666 0563 0000 0005 3665
			6663 5666 1110 3650 6663 5666 1110 3650
			6663 5666 1110 3650 5553 5555 0003 3553
			3333 3333 3333 3333 5553 5555 5555 3555
		</bitmap>
	</tex_image>
	<tex_image index="9" name="c3_s03b.2"
		width="16" height="32" original_width="16" original_height="32"
		format="palette16"
		color0_mode="color"
		palette_name="c3_s03b.2_pl"
		path="C:/ghome/dun03/dun03_chip/tex/c3_s03b.2.tga"
	>
		<bitmap size="128">
			6663 0056 6650 3666 5553 1055 5550 3555
			3333 0033 3330 3333 5553 5555 0055 3550
			6663 6666 1056 3650 3663 0000 0030 3650
			0363 1110 5300 3555 0053 2211 5001 3000
			1053 4421 0012 0111 1053 4442 0012 0111
			1033 2442 0011 0111 0053 1221 3001 3000
			0163 1110 0000 3300 2113 0000 1000 3001
			2213 1122 4101 3014 0213 0000 4101 3014
			0013 0111 1000 3001 1053 1222 0030 3300
			1033 1222 3330 3333 1053 1222 5550 3555
			0053 0111 6650 3666 0563 0000 0005 3665
			6663 5666 1110 3650 6663 5666 1110 3650
			6663 5666 1110 3650 5553 5555 0003 3553
			3333 3333 3333 3333 5553 5555 5555 3555
			6663 6666 6666 3666 6663 6666 6666 3666
			6663 6666 6666 3666 6663 5566 6665 3666
		</bitmap>
	</tex_image>
	<tex_image index="10" name="c3_s03b.3"
		width="16" height="32" original_width="16" original_height="32"
		format="palette16"
		color0_mode="color"
		palette_name="c3_s03b.3_pl"
		path="C:/ghome/dun03/dun03_chip/tex/c3_s03b.3.tga"
	>
		<bitmap size="128">
			3333 0033 3330 3333 5553 5555 0055 3550
			6663 6666 1056 3650 3663 0000 0030 3650
			0363 1110 5300 3555 0053 2211 5001 3000
			1053 4421 0012 0111 1053 4442 0012 0111
			1033 2442 0011 0111 0053 1221 3001 3000
			0163 1110 0000 3300 2113 0000 1000 3001
			2213 1122 4101 3014 0213 0000 4101 3014
			0013 0111 1000 3001 1053 1222 0030 3300
			1033 1222 3330 3333 1053 1222 5550 3555
			0053 0111 6650 3666 0563 0000 0005 3665
			6663 5666 1110 3650 6663 5666 1110 3650
			6663 5666 1110 3650 5553 5555 0003 3553
			3333 3333 3333 3333 5553 5555 5555 3555
			6663 6666 6666 3666 6663 6666 6666 3666
			6663 6666 6666 3666 6663 5566 6665 3666
			6663 0056 6650 3666 5553 1055 5550 3555
		</bitmap>
	</tex_image>
	<tex_image index="11" name="c3_s03b.4"
		width="16" height="32" original_width="16" original_height="32"
		format="palette16"
		color0_mode="color"
		palette_name="c3_s03b.4_pl"
		path="C:/ghome/dun03/dun03_chip/tex/c3_s03b.4.tga"
	>
		<bitmap size="128">
			6663 6666 1056 3650 3663 0000 0030 3650
			0363 1110 5300 3555 0053 2211 5001 3000
			1053 4421 0012 0111 1053 4442 0012 0111
			1033 2442 0011 0111 0053 1221 3001 3000
			0163 1110 0000 3300 2113 0000 1000 3001
			2213 1122 4101 3014 0213 0000 4101 3014
			0013 0111 1000 3001 1053 1222 0030 3300
			1033 1222 3330 3333 1053 1222 5550 3555
			0053 0111 6650 3666 0563 0000 0005 3665
			6663 5666 1110 3650 6663 5666 1110 3650
			6663 5666 1110 3650 5553 5555 0003 3553
			3333 3333 3333 3333 5553 5555 5555 3555
			6663 6666 6666 3666 6663 6666 6666 3666
			6663 6666 6666 3666 6663 5566 6665 3666
			6663 0056 6650 3666 5553 1055 5550 3555
			3333 0033 3330 3333 5553 5555 0055 3550
		</bitmap>
	</tex_image>
	<tex_image index="12" name="c3_s03b.5"
		width="16" height="32" original_width="16" original_height="32"
		format="palette16"
		color0_mode="color"
		palette_name="c3_s03b.5_pl"
		path="C:/ghome/dun03/dun03_chip/tex/c3_s03b.5.tga"
	>
		<bitmap size="128">
			0363 1110 5300 3555 0053 2211 5001 3000
			1053 4421 0012 0111 1053 4442 0012 0111
			1033 2442 0011 0111 0053 1221 3001 3000
			0163 1110 0000 3300 2113 0000 1000 3001
			2213 1122 4101 3014 0213 0000 4101 3014
			0013 0111 1000 3001 1053 1222 0030 3300
			1033 1222 3330 3333 1053 1222 5550 3555
			0053 0111 6650 3666 0563 0000 0005 3665
			6663 5666 1110 3650 6663 5666 1110 3650
			6663 5666 1110 3650 5553 5555 0003 3553
			3333 3333 3333 3333 5553 5555 5555 3555
			6663 6666 6666 3666 6663 6666 6666 3666
			6663 6666 6666 3666 6663 5566 6665 3666
			6663 0056 6650 3666 5553 1055 5550 3555
			3333 0033 3330 3333 5553 5555 0055 3550
			6663 6666 1056 3650 3663 0000 0030 3650
		</bitmap>
	</tex_image>
	<tex_image index="13" name="c3_s03b.6"
		width="16" height="32" original_width="16" original_height="32"
		format="palette16"
		color0_mode="color"
		palette_name="c3_s03b.6_pl"
		path="C:/ghome/dun03/dun03_chip/tex/c3_s03b.6.tga"
	>
		<bitmap size="128">
			1053 4421 0012 0111 1053 4442 0012 0111
			1033 2442 0011 0111 0053 1221 3001 3000
			0163 1110 0000 3300 2113 0000 1000 3001
			2213 1122 4101 3014 0213 0000 4101 3014
			0013 0111 1000 3001 1053 1222 0030 3300
			1033 1222 3330 3333 1053 1222 5550 3555
			0053 0111 6650 3666 0563 0000 0005 3665
			6663 5666 1110 3650 6663 5666 1110 3650
			6663 5666 1110 3650 5553 5555 0003 3553
			3333 3333 3333 3333 5553 5555 5555 3555
			6663 6666 6666 3666 6663 6666 6666 3666
			6663 6666 6666 3666 6663 5566 6665 3666
			6663 0056 6650 3666 5553 1055 5550 3555
			3333 0033 3330 3333 5553 5555 0055 3550
			6663 6666 1056 3650 3663 0000 0030 3650
			0363 1110 5300 3555 0053 2211 5001 3000
		</bitmap>
	</tex_image>
	<tex_image index="14" name="c3_s03b.7"
		width="16" height="32" original_width="16" original_height="32"
		format="palette16"
		color0_mode="color"
		palette_name="c3_s03b.7_pl"
		path="C:/ghome/dun03/dun03_chip/tex/c3_s03b.7.tga"
	>
		<bitmap size="128">
			1033 2442 0011 0111 0053 1221 3001 3000
			0163 1110 0000 3300 2113 0000 1000 3001
			2213 1122 4101 3014 0213 0000 4101 3014
			0013 0111 1000 3001 1053 1222 0030 3300
			1033 1222 3330 3333 1053 1222 5550 3555
			0053 0111 6650 3666 0563 0000 0005 3665
			6663 5666 1110 3650 6663 5666 1110 3650
			6663 5666 1110 3650 5553 5555 0003 3553
			3333 3333 3333 3333 5553 5555 5555 3555
			6663 6666 6666 3666 6663 6666 6666 3666
			6663 6666 6666 3666 6663 5566 6665 3666
			6663 0056 6650 3666 5553 1055 5550 3555
			3333 0033 3330 3333 5553 5555 0055 3550
			6663 6666 1056 3650 3663 0000 0030 3650
			0363 1110 5300 3555 0053 2211 5001 3000
			1053 4421 0012 0111 1053 4442 0012 0111
		</bitmap>
	</tex_image>
	<tex_image index="15" name="c3_s03b.8"
		width="16" height="32" original_width="16" original_height="32"
		format="palette16"
		color0_mode="color"
		palette_name="c3_s03b.8_pl"
		path="C:/ghome/dun03/dun03_chip/tex/c3_s03b.8.tga"
	>
		<bitmap size="128">
			0163 1110 0000 3300 2113 0000 1000 3001
			2213 1122 4101 3014 0213 0000 4101 3014
			0013 0111 1000 3001 1053 1222 0030 3300
			1033 1222 3330 3333 1053 1222 5550 3555
			0053 0111 6650 3666 0563 0000 0005 3665
			6663 5666 1110 3650 6663 5666 1110 3650
			6663 5666 1110 3650 5553 5555 0003 3553
			3333 3333 3333 3333 5553 5555 5555 3555
			6663 6666 6666 3666 6663 6666 6666 3666
			6663 6666 6666 3666 6663 5566 6665 3666
			6663 0056 6650 3666 5553 1055 5550 3555
			3333 0033 3330 3333 5553 5555 0055 3550
			6663 6666 1056 3650 3663 0000 0030 3650
			0363 1110 5300 3555 0053 2211 5001 3000
			1053 4421 0012 0111 1053 4442 0012 0111
			1033 2442 0011 0111 0053 1221 3001 3000
		</bitmap>
	</tex_image>
	<tex_image index="16" name="c3_s03b.9"
		width="16" height="32" original_width="16" original_height="32"
		format="palette16"
		color0_mode="color"
		palette_name="c3_s03b.9_pl"
		path="C:/ghome/dun03/dun03_chip/tex/c3_s03b.9.tga"
	>
		<bitmap size="128">
			2213 1122 4101 3014 0213 0000 4101 3014
			0013 0111 1000 3001 1053 1222 0030 3300
			1033 1222 3330 3333 1053 1222 5550 3555
			0053 0111 6650 3666 0563 0000 0005 3665
			6663 5666 1110 3650 6663 5666 1110 3650
			6663 5666 1110 3650 5553 5555 0003 3553
			3333 3333 3333 3333 5553 5555 5555 3555
			6663 6666 6666 3666 6663 6666 6666 3666
			6663 6666 6666 3666 6663 5566 6665 3666
			6663 0056 6650 3666 5553 1055 5550 3555
			3333 0033 3330 3333 5553 5555 0055 3550
			6663 6666 1056 3650 3663 0000 0030 3650
			0363 1110 5300 3555 0053 2211 5001 3000
			1053 4421 0012 0111 1053 4442 0012 0111
			1033 2442 0011 0111 0053 1221 3001 3000
			0163 1110 0000 3300 2113 0000 1000 3001
		</bitmap>
	</tex_image>
	<tex_image index="17" name="c3_s03c.1"
		width="32" height="32" original_width="32" original_height="32"
		format="palette4"
		color0_mode="color"
		palette_name="c3_s03c.1_pl"
		path="C:/mayadata/c3_s03/tex/c3_s03c.1.tga"
	>
		<bitmap size="128">
			0000 0000 0000 0000 aaa8 aaaa 1aaa aaa9
			aaa8 aaaa 1aaa aaa9 aaa4 aaaa 1aaa aaa9
			aa94 aaaa 1aaa aaa5 aa50 aaaa 5aaa aaa4
			a944 aaaa 6aaa aaa4 a514 aaaa 6aaa aa94
			9458 aaaa 6aaa aa91 5168 aaaa aaaa aa91
			45a8 aaa5 aaaa aa91 16a8 aa95 aaaa aa51
			5aa8 aa50 aaaa aa45 6aa8 a945 aaaa aa46
			aaa8 a516 aaaa aa46 aaa8 945a aaaa a946
			aaa8 516a aaaa a916 aaa8 45aa aaa5 a91a
			aaa8 16aa aa94 a91a aaa8 5aaa aa51 a51a
			aaa8 aaaa a945 a45a aaa8 aaaa a516 a46a
			aaa8 aaaa 945a a46a aaa8 aaaa 116a 0000
			aaa8 aaaa 05aa 0000 aaa8 aaaa 16aa 0000
			9554 aaaa 1aaa 0000 5000 a955 2aaa 0000
			0554 5500 2a95 0000 56a8 0055 1550 0000
			aaa8 556a 0005 0000 aaa8 aaaa 1556 0000
		</bitmap>
	</tex_image>
	<tex_image index="18" name="c3_s03c.2"
		width="32" height="32" original_width="32" original_height="32"
		format="palette4"
		color0_mode="color"
		palette_name="c3_s03c.2_pl"
		path="C:/mayadata/c3_s03/tex/c3_s03c.2.tga"
	>
		<bitmap size="128">
			0000 0000 0000 0000 aaa8 aa51 aaaa a46a
			aaa8 aa45 aaaa a46a aaa8 a946 aaaa a46a
			aaa8 a516 aaaa a46a aaa8 a45a aaaa a46a
			aaa8 946a aaaa a46a aaa8 516a aaaa a46a
			aaa8 45aa aaaa 91aa aaa8 46aa aaa9 91aa
			aaa8 16aa aaa5 91aa aaa8 5aaa aaa4 91aa
			aaa8 6aaa aa94 91aa aaa8 6aaa aa51 91aa
			aaa8 aaaa aa45 91aa aaa8 aaaa a946 91aa
			aaa8 aaaa a516 46aa aaa8 aaaa a45a 46aa
			aaa8 aaaa 946a 46aa aaa8 aaaa 516a 46aa
			aaa8 aaaa 45aa 46aa aa54 aaaa 46aa 46a9
			9540 aaaa 16aa 46a9 5014 aaa5 1aaa 0000
			0554 a954 1aaa 0000 56a8 5501 2aaa 0000
			aaa8 4055 2a95 0000 aaa8 156a 2550 0000
			aaa8 5aaa 1405 0000 aaa8 aaaa 0156 0000
			aaa8 aaaa 15aa 0000 aaa8 aaaa 2aaa 0000
		</bitmap>
	</tex_image>
	<tex_image index="19" name="c3_s03c.3"
		width="32" height="32" original_width="32" original_height="32"
		format="palette4"
		color0_mode="color"
		palette_name="c3_s03c.3_pl"
		path="C:/mayadata/c3_s03/tex/c3_s03c.3.tga"
	>
		<bitmap size="128">
			0000 0000 0000 0000 aaa8 91aa aaaa 6aaa
			aaa8 51aa aaaa 6aaa aaa8 45aa aaa9 6aaa
			aaa8 16aa aaa9 6aaa aaa8 1aaa aaa5 6aaa
			aaa8 5aaa aaa4 6aaa aaa8 6aaa aa94 6aaa
			aaa8 6aaa aa91 6aaa aaa8 aaaa aa51 6aaa
			aaa8 aaaa aa45 6aaa aaa8 aaaa a946 6aaa
			aaa8 aaaa a516 6aaa aaa8 aaaa a45a 6aaa
			aaa8 aaaa 946a 6aaa aaa8 aaaa 916a 6aaa
			aaa4 aaaa 51aa 6aaa aa54 aaaa 45aa 6aaa
			a540 aaaa 46aa 6aa9 5414 aaaa 16aa 6aa9
			4158 aaa5 1aaa 6aa5 15a8 aa54 5aaa 6aa4
			5aa8 a541 6aaa 6aa4 aaa8 5415 2aa9 0000
			aaa8 015a 2a95 0000 aaa8 55aa 2540 0000
			aaa8 6aaa 1415 0000 aaa8 aaaa 015a 0000
			aaa8 aaaa 15aa 0000 aaa8 aaaa 2aaa 0000
			aaa8 aaaa 2aaa 0000 aaa8 aaaa 2aaa 0000
		</bitmap>
	</tex_image>
	<tex_image index="20" name="c3_s03c.4"
		width="32" height="32" original_width="32" original_height="32"
		format="palette4"
		color0_mode="color"
		palette_name="c3_s03c.4_pl"
		path="C:/mayadata/c3_s03/tex/c3_s03c.4.tga"
	>
		<bitmap size="128">
			0000 0000 0000 0000 aaa8 aaaa aa46 aaaa
			aaa8 aaaa a946 aaaa aaa8 aaaa a916 aaaa
			aaa8 aaaa a91a aaaa aaa8 aaaa a51a aaaa
			aaa8 aaaa a45a aaaa aaa8 aaaa a46a aaaa
			aaa8 aaaa 946a aaaa aaa8 aaaa 916a aaaa
			aaa8 aaaa 51aa aaaa aaa8 aaaa 45aa aaaa
			aa94 aaaa 46aa aaaa a950 aaaa 46aa aaa9
			a504 aaaa 16aa aaa9 5454 aaaa 1aaa aaa5
			4168 aaa5 5aaa aaa4 15a8 aa54 6aaa aa94
			5aa8 a941 6aaa aa91 aaa8 9515 aaaa aa91
			aaa8 505a aaa9 aa51 aaa8 056a aa95 aa45
			aaa8 56aa a950 aa46 aaa8 6aaa 1505 0000
			aaa8 aaaa 1056 0000 aaa8 aaaa 056a 0000
			aaa8 aaaa 16aa 0000 aaa8 aaaa 2aaa 0000
			5554 a555 2aaa 0000 0000 5400 1555 0000
			5554 0155 0000 0000 aaa8 55aa 1555 0000
		</bitmap>
	</tex_image>
	<tex_image index="21" name="c3_s03d"
		width="32" height="32" original_width="32" original_height="32"
		format="palette16"
		color0_mode="transparency"
		palette_name="c3_s03d_pl"
		path="C:/mayadata/c3_s03/tex/c3_s03d.tga"
	>
		<bitmap size="256">
			3335 3333 3333 5555 8775 0000 7780 5555
			3335 3333 3333 5555 8775 0008 7788 5555
			2335 2223 3332 5555 8775 0008 7788 5555
			3335 2232 3322 5555 8705 8088 0788 5555
			2335 2223 3322 5555 8705 8088 0788 5555
			2335 2222 3332 5555 8005 8888 0088 5555
			2335 2222 3323 5555 8005 8888 0088 5555
			3335 3222 3322 5555 0005 8888 0008 5555
			3335 2222 3333 5555 0005 8888 0008 5555
			2335 2222 3332 5555 8005 8888 0088 5555
			2335 2223 3332 5555 8005 8888 0088 5555
			3335 2222 3322 4355 8705 8088 0788 5435
			2335 2223 3322 4455 8705 8088 0788 5445
			2335 2222 3322 5555 8775 0008 7788 5555
			3335 2222 3322 6665 8776 0008 7788 6666
			3335 2222 3332 8885 8778 0000 7780 8888
			3335 2222 3332 8885 8778 0000 7780 8888
			2335 2222 3322 6665 8776 0008 7788 6666
			2335 2222 3322 5555 8775 0008 7788 5555
			3335 2222 3332 4355 8705 8088 0788 5435
			2335 2223 3323 4455 8705 8088 0788 5445
			3335 2222 3332 5555 8005 8888 0088 5555
			3335 3333 3333 5555 8005 8888 0088 5555
			3335 3333 3333 5555 0005 8888 0008 5555
			1105 1111 0011 5555 0005 8888 0008 5555
			1105 1111 0011 5555 8005 8888 0088 5555
			1105 1111 0011 5555 8005 8888 0088 5555
			1105 1111 0011 5555 8705 8088 0788 5555
			1105 1111 0011 5555 8705 8088 0788 5555
			1105 1111 0011 5555 8775 0008 7788 5555
			1105 1111 0011 5555 8775 0008 7788 5555
			1105 1111 0011 5555 8775 0000 7780 5555
		</bitmap>
	</tex_image>
	<tex_image index="22" name="h_kage"
		width="16" height="16" original_width="16" original_height="16"
		format="palette4"
		color0_mode="color"
		palette_name="h_kage_pl"
		path="C:/mayadata/kage_tex/h_kage.tga"
	>
		<bitmap size="32">
			0000 0000 0000 0000 0000 0000 0000 0000
			0000 0000 0000 0000 0000 0000 0000 0000
			0000 0000 0000 0000 0000 0000 0000 0000
			0000 0000 0000 0000 0000 0000 0000 0000
		</bitmap>
	</tex_image>
</tex_image_array>

<tex_palette_array size="23">
	<tex_palette index="0" name="c3_s03a_pl" color_size="4">
		49c0 5620 460b 3e13
	</tex_palette>
	<tex_palette index="1" name="c3_s03b.10_pl" color_size="8">
		0c63 14a5 1ce7 2106 2529 2948 318a 7fff
	</tex_palette>
	<tex_palette index="2" name="c3_s03b.11_pl" color_size="8">
		0c63 14a5 1ce7 2106 2529 2948 318a 7fff
	</tex_palette>
	<tex_palette index="3" name="c3_s03b.12_pl" color_size="8">
		0c63 14a5 1ce7 2106 2529 2948 318a 7fff
	</tex_palette>
	<tex_palette index="4" name="c3_s03b.13_pl" color_size="8">
		0c63 14a5 1ce7 2106 2529 2948 318a 7fff
	</tex_palette>
	<tex_palette index="5" name="c3_s03b.14_pl" color_size="8">
		0c63 14a5 1ce7 2106 2529 2948 318a 7fff
	</tex_palette>
	<tex_palette index="6" name="c3_s03b.15_pl" color_size="8">
		0c63 14a5 1ce7 2106 2529 2948 318a 7fff
	</tex_palette>
	<tex_palette index="7" name="c3_s03b.16_pl" color_size="8">
		0c63 14a5 1ce7 2106 2529 2948 318a 7fff
	</tex_palette>
	<tex_palette index="8" name="c3_s03b.1_pl" color_size="8">
		0c63 14a5 1ce7 2106 2529 2948 318a 7fff
	</tex_palette>
	<tex_palette index="9" name="c3_s03b.2_pl" color_size="8">
		0c63 14a5 1ce7 2106 2529 2948 318a 7fff
	</tex_palette>
	<tex_palette index="10" name="c3_s03b.3_pl" color_size="8">
		0c63 14a5 1ce7 2106 2529 2948 318a 7fff
	</tex_palette>
	<tex_palette index="11" name="c3_s03b.4_pl" color_size="8">
		0c63 14a5 1ce7 2106 2529 2948 318a 7fff
	</tex_palette>
	<tex_palette index="12" name="c3_s03b.5_pl" color_size="8">
		0c63 14a5 1ce7 2106 2529 2948 318a 7fff
	</tex_palette>
	<tex_palette index="13" name="c3_s03b.6_pl" color_size="8">
		0c63 14a5 1ce7 2106 2529 2948 318a 7fff
	</tex_palette>
	<tex_palette index="14" name="c3_s03b.7_pl" color_size="8">
		0c63 14a5 1ce7 2106 2529 2948 318a 7fff
	</tex_palette>
	<tex_palette index="15" name="c3_s03b.8_pl" color_size="8">
		0c63 14a5 1ce7 2106 2529 2948 318a 7fff
	</tex_palette>
	<tex_palette index="16" name="c3_s03b.9_pl" color_size="8">
		0c63 14a5 1ce7 2106 2529 2948 318a 7fff
	</tex_palette>
	<tex_palette index="17" name="c3_s03c.1_pl" color_size="4">
		2106 2948 318a 7fff
	</tex_palette>
	<tex_palette index="18" name="c3_s03c.2_pl" color_size="4">
		2106 2948 318a 7fff
	</tex_palette>
	<tex_palette index="19" name="c3_s03c.3_pl" color_size="4">
		2106 2948 318a 7fff
	</tex_palette>
	<tex_palette index="20" name="c3_s03c.4_pl" color_size="4">
		2106 2948 318a 7fff
	</tex_palette>
	<tex_palette index="21" name="c3_s03d_pl" color_size="16">
		0000 2213 3297 3ad9 21f7 1115 0cd3 004c
		0890 7fff 7fff 7fff 7fff 7fff 7fff 7fff
	</tex_palette>
	<tex_palette index="22" name="h_kage_pl" color_size="4">
		0000 7fff 7fff 7fff
	</tex_palette>
</tex_palette_array>

<material_array size="5">
	<material index="0" name="c03_s03c"
		light0="on" light1="off" light2="off" light3="off"
		face="front"
		alpha="31"
		wire_mode="off"
		polygon_mode="modulate"
		polygon_id="8"
		fog_flag="on"
		depth_test_decal="off"
		translucent_update_depth="off"
		render_1_pixel="off"
		far_clipping="off"
		diffuse="25 25 25"
		ambient="31 31 31"
		specular="0 0 0"
		emission="0 0 0"
		shininess_table_flag="off"
		tex_image_idx="17" tex_palette_idx="17"
		tex_tiling="repeat repeat"
		tex_scale="1.000000 1.000000"
		tex_rotate="0.000000"
		tex_translate="0.000000 0.000000"
		tex_gen_mode="none"
	/>
	<material index="1" name="c3_s03a"
		light0="on" light1="off" light2="off" light3="off"
		face="front"
		alpha="31"
		wire_mode="off"
		polygon_mode="modulate"
		polygon_id="8"
		fog_flag="on"
		depth_test_decal="off"
		translucent_update_depth="off"
		render_1_pixel="off"
		far_clipping="off"
		diffuse="25 25 25"
		ambient="31 31 31"
		specular="0 0 0"
		emission="0 0 0"
		shininess_table_flag="off"
		tex_image_idx="0" tex_palette_idx="0"
		tex_tiling="repeat repeat"
		tex_scale="1.000000 1.000000"
		tex_rotate="0.000000"
		tex_translate="0.000000 0.000000"
		tex_gen_mode="none"
	/>
	<material index="2" name="c3_s03b"
		light0="on" light1="off" light2="off" light3="off"
		face="front"
		alpha="31"
		wire_mode="off"
		polygon_mode="modulate"
		polygon_id="8"
		fog_flag="on"
		depth_test_decal="off"
		translucent_update_depth="off"
		render_1_pixel="off"
		far_clipping="off"
		diffuse="25 25 25"
		ambient="31 31 31"
		specular="0 0 0"
		emission="0 0 0"
		shininess_table_flag="off"
		tex_image_idx="1" tex_palette_idx="8"
		tex_tiling="repeat repeat"
		tex_scale="1.000000 1.000000"
		tex_rotate="0.000000"
		tex_translate="0.000000 0.000000"
		tex_gen_mode="none"
	/>
	<material index="3" name="c3_s03d"
		light0="on" light1="off" light2="off" light3="off"
		face="front"
		alpha="31"
		wire_mode="off"
		polygon_mode="modulate"
		polygon_id="16"
		fog_flag="on"
		depth_test_decal="off"
		translucent_update_depth="off"
		render_1_pixel="off"
		far_clipping="off"
		diffuse="25 25 25"
		ambient="31 31 31"
		specular="0 0 0"
		emission="0 0 0"
		shininess_table_flag="off"
		tex_image_idx="21" tex_palette_idx="21"
		tex_tiling="repeat repeat"
		tex_scale="1.000000 1.000000"
		tex_rotate="0.000000"
		tex_translate="0.000000 0.000000"
		tex_gen_mode="none"
	/>
	<material index="4" name="h_kage"
		light0="on" light1="off" light2="off" light3="off"
		face="front"
		alpha="9"
		wire_mode="off"
		polygon_mode="modulate"
		polygon_id="0"
		fog_flag="on"
		depth_test_decal="off"
		translucent_update_depth="off"
		render_1_pixel="off"
		far_clipping="off"
		diffuse="25 25 25"
		ambient="31 31 31"
		specular="0 0 0"
		emission="0 0 0"
		shininess_table_flag="off"
		tex_image_idx="22" tex_palette_idx="22"
		tex_tiling="repeat repeat"
		tex_scale="1.000000 1.000000"
		tex_rotate="0.000000"
		tex_translate="0.000000 0.000000"
		tex_gen_mode="none"
	/>
</material_array>

<matrix_array size="1">
	<matrix index="0" mtx_weight="1" node_idx="0"/>
</matrix_array>

<polygon_array size="5">
	<polygon index="0" name="polygon0"
		vertex_size="426" polygon_size="124"
		triangle_size="16" quad_size="108"
		volume_min="-2.562500 -0.875000 -6.687500"
		volume_max="6.062500 4.375000 6.812500"
		volume_r="9.293213"
		mtx_prim_size="1"
		nrm_flag="on" clr_flag="off" tex_flag="on"
	>
		<mtx_prim index="0">
			<mtx_list size="1">0</mtx_list>
			<primitive_array size="16">
				<primitive index="0" type="quad_strip" vertex_size="10">
					<mtx idx="0"/>
					<tex st="146.000000 16.000000"/>
					<nrm xyz="0.000000 0.447266 0.894531"/>
					<pos_s xyz="6.062500 2.125000 1.875000"/>
					<tex st="142.000000 0.000000"/>
					<pos_s xyz="5.937500 2.375000 1.750000"/>
					<tex st="140.000000 16.000000"/>
					<pos_s xyz="5.875000 2.125000 1.875000"/>
					<tex st="140.000000 0.000000"/>
					<pos_yz yz="2.375000 1.750000"/>
					<tex st="132.000000 16.000000"/>
					<pos_s xyz="5.625000 2.125000 1.875000"/>
					<tex st="132.000000 0.000000"/>
					<pos_yz yz="2.375000 1.750000"/>
					<tex st="128.000000 16.000000"/>
					<pos_s xyz="5.500000 2.125000 1.875000"/>
					<tex st="128.000000 0.000000"/>
					<pos_yz yz="2.375000 1.750000"/>
					<tex st="112.000000 16.000000"/>
					<pos_s xyz="5.000000 2.125000 1.875000"/>
					<tex st="112.000000 0.000000"/>
					<pos_yz yz="2.375000 1.750000"/>
				</primitive>
				<primitive index="1" type="quad_strip" vertex_size="10">
					<tex st="114.000000 0.000000"/>
					<nrm xyz="0.894531 0.447266 0.000000"/>
					<pos_xz xz="3.937500 -2.250000"/>
					<tex st="110.000000 16.000000"/>
					<pos_s xyz="4.062500 2.125000 -2.125000"/>
					<tex st="116.000000 0.000000"/>
					<pos_s xyz="3.937500 2.375000 -2.312500"/>
					<tex st="116.000000 16.000000"/>
					<pos_xy xy="4.062500 2.125000"/>
					<tex st="124.000000 0.000000"/>
					<pos_s xyz="3.937500 2.375000 -2.562500"/>
					<tex st="124.000000 16.000000"/>
					<pos_xy xy="4.062500 2.125000"/>
					<tex st="128.000000 0.000000"/>
					<pos_s xyz="3.937500 2.375000 -2.687500"/>
					<tex st="128.000000 16.000000"/>
					<pos_xy xy="4.062500 2.125000"/>
					<tex st="224.000000 0.000000"/>
					<pos_s xyz="3.937500 2.375000 -6.687500"/>
					<tex st="224.000000 16.000000"/>
					<pos_xy xy="4.062500 2.125000"/>
				</primitive>
				<primitive index="2" type="quad_strip" vertex_size="10">
					<tex st="82.000000 16.000000"/>
					<nrm xyz="0.000000 0.447266 0.894531"/>
					<pos_xz xz="4.062500 -2.125000"/>
					<tex st="78.000000 0.000000"/>
					<pos_s xyz="3.937500 2.375000 -2.250000"/>
					<tex st="76.000000 16.000000"/>
					<pos_s xyz="3.875000 2.125000 -2.125000"/>
					<tex st="76.000000 0.000000"/>
					<pos_yz yz="2.375000 -2.250000"/>
					<tex st="68.000000 16.000000"/>
					<pos_s xyz="3.625000 2.125000 -2.125000"/>
					<tex st="68.000000 0.000000"/>
					<pos_yz yz="2.375000 -2.250000"/>
					<tex st="64.000000 16.000000"/>
					<pos_s xyz="3.500000 2.125000 -2.125000"/>
					<tex st="64.000000 0.000000"/>
					<pos_yz yz="2.375000 -2.250000"/>
					<tex st="48.000000 16.000000"/>
					<pos_s xyz="3.000000 2.125000 -2.125000"/>
					<tex st="48.000000 0.000000"/>
					<pos_yz yz="2.375000 -2.250000"/>
				</primitive>
				<primitive index="3" type="quad_strip" vertex_size="8">
					<tex st="76.000000 0.000000"/>
					<nrm xyz="0.000000 0.447266 -0.894531"/>
					<pos_xy xy="3.875000 2.375000"/>
					<tex st="76.000000 8.000000"/>
					<pos_yz yz="2.250000 -2.312500"/>
					<tex st="68.000000 0.000000"/>
					<pos_s xyz="3.625000 2.375000 -2.250000"/>
					<tex st="68.000000 8.000000"/>
					<pos_yz yz="2.250000 -2.312500"/>
					<tex st="64.000000 0.000000"/>
					<pos_s xyz="3.500000 2.375000 -2.250000"/>
					<tex st="64.000000 8.000000"/>
					<pos_yz yz="2.250000 -2.312500"/>
					<tex st="48.000000 0.000000"/>
					<pos_s xyz="3.000000 2.375000 -2.250000"/>
					<tex st="48.000000 8.000000"/>
					<pos_yz yz="2.250000 -2.312500"/>
				</primitive>
				<primitive index="4" type="quad_strip" vertex_size="8">
					<tex st="116.000000 8.000000"/>
					<nrm xyz="-0.894531 0.447266 0.000000"/>
					<pos_xy xy="3.875000 2.250000"/>
					<tex st="116.000000 0.000000"/>
					<pos_xy xy="3.937500 2.375000"/>
					<tex st="124.000000 8.000000"/>
					<pos_s xyz="3.875000 2.250000 -2.562500"/>
					<tex st="124.000000 0.000000"/>
					<pos_xy xy="3.937500 2.375000"/>
					<tex st="128.000000 8.000000"/>
					<pos_s xyz="3.875000 2.250000 -2.687500"/>
					<tex st="128.000000 0.000000"/>
					<pos_xy xy="3.937500 2.375000"/>
					<tex st="224.000000 8.000000"/>
					<pos_s xyz="3.875000 2.250000 -6.687500"/>
					<tex st="224.000000 0.000000"/>
					<pos_xy xy="3.937500 2.375000"/>
				</primitive>
				<primitive index="5" type="quad_strip" vertex_size="8">
					<tex st="112.000000 16.000000"/>
					<pos_s xyz="-2.562500 2.125000 -2.187500"/>
					<tex st="112.000000 0.000000"/>
					<pos_xy xy="-2.437500 2.375000"/>
					<tex st="116.000000 16.000000"/>
					<pos_s xyz="-2.562500 2.125000 -2.312500"/>
					<tex st="116.000000 0.000000"/>
					<pos_xy xy="-2.437500 2.375000"/>
					<tex st="124.000000 16.000000"/>
					<pos_s xyz="-2.562500 2.125000 -2.562500"/>
					<tex st="124.000000 0.000000"/>
					<pos_xy xy="-2.437500 2.375000"/>
					<tex st="128.000000 16.000000"/>
					<pos_s xyz="-2.562500 2.125000 -2.687500"/>
					<tex st="128.000000 0.000000"/>
					<pos_xy xy="-2.437500 2.375000"/>
				</primitive>
				<primitive index="6" type="quad_strip" vertex_size="8">
					<tex st="-124.000000 0.000000"/>
					<nrm xyz="0.000000 0.707031 0.707031"/>
					<pos_xy xy="-2.375000 2.375000"/>
					<tex st="-124.000000 8.000000"/>
					<pos_yz yz="2.250000 -2.562500"/>
					<tex st="-116.000000 0.000000"/>
					<pos_s xyz="-2.125000 2.375000 -2.687500"/>
					<tex st="-116.000000 8.000000"/>
					<pos_yz yz="2.250000 -2.562500"/>
					<tex st="-112.000000 0.000000"/>
					<pos_s xyz="-2.000000 2.375000 -2.687500"/>
					<tex st="-112.000000 8.000000"/>
					<pos_yz yz="2.250000 -2.562500"/>
					<tex st="-96.000000 0.000000"/>
					<pos_s xyz="-1.500000 2.375000 -2.687500"/>
					<tex st="-96.000000 8.000000"/>
					<pos_yz yz="2.250000 -2.562500"/>
				</primitive>
				<primitive index="7" type="quad_strip" vertex_size="8">
					<tex st="-16.000000 16.000000"/>
					<nrm xyz="-0.894531 0.447266 0.000000"/>
					<pos_s xyz="0.437500 4.125000 1.812500"/>
					<tex st="-16.000000 0.000000"/>
					<pos_xy xy="0.562500 4.375000"/>
					<tex st="-16.000000 16.000000"/>
					<pos_s xyz="0.437500 4.125000 1.687500"/>
					<tex st="-12.000000 0.000000"/>
					<pos_xy xy="0.562500 4.375000"/>
					<tex st="-4.000000 16.000000"/>
					<pos_s xyz="0.437500 4.125000 1.437500"/>
					<tex st="-4.000000 0.000000"/>
					<pos_xy xy="0.562500 4.375000"/>
					<tex st="0.000000 16.000000"/>
					<pos_s xyz="0.437500 4.125000 1.312500"/>
					<tex st="0.000000 0.000000"/>
					<pos_xy xy="0.562500 4.375000"/>
				</primitive>
				<primitive index="8" type="quad_strip" vertex_size="8">
					<tex st="-14.000000 0.000000"/>
					<nrm xyz="0.894531 0.447266 0.000000"/>
					<pos_s xyz="5.937500 2.375000 1.750000"/>
					<tex st="-18.000000 16.000000"/>
					<pos_s xyz="6.062500 2.125000 1.875000"/>
					<tex st="-12.000000 0.000000"/>
					<pos_s xyz="5.937500 2.375000 1.687500"/>
					<tex st="-16.000000 16.000000"/>
					<pos_xy xy="6.062500 2.125000"/>
					<tex st="-4.000000 0.000000"/>
					<pos_s xyz="5.937500 2.375000 1.437500"/>
					<tex st="-4.000000 16.000000"/>
					<pos_xy xy="6.062500 2.125000"/>
					<tex st="0.000000 0.000000"/>
					<pos_s xyz="5.937500 2.375000 1.312500"/>
					<tex st="0.000000 16.000000"/>
					<pos_xy xy="6.062500 2.125000"/>
				</primitive>
				<primitive index="9" type="quad_strip" vertex_size="8">
					<tex st="-30.000000 0.000000"/>
					<nrm xyz="0.000000 0.707031 0.707031"/>
					<pos_xy xy="0.625000 4.375000"/>
					<tex st="-28.000000 8.000000"/>
					<pos_yz yz="4.250000 1.437500"/>
					<tex st="-20.000000 0.000000"/>
					<pos_s xyz="0.875000 4.375000 1.312500"/>
					<tex st="-20.000000 8.000000"/>
					<pos_yz yz="4.250000 1.437500"/>
					<tex st="-16.000000 0.000000"/>
					<pos_s xyz="1.000000 4.375000 1.312500"/>
					<tex st="-16.000000 8.000000"/>
					<pos_yz yz="4.250000 1.437500"/>
					<tex st="0.000000 0.000000"/>
					<pos_s xyz="1.500000 4.375000 1.312500"/>
					<tex st="0.000000 8.000000"/>
					<pos_yz yz="4.250000 1.437500"/>
				</primitive>
				<primitive index="10" type="quad_strip" vertex_size="6">
					<tex st="-4.000000 8.000000"/>
					<nrm xyz="0.894531 0.447266 0.000000"/>
					<pos_xy xy="0.625000 4.250000"/>
					<tex st="-4.000000 0.000000"/>
					<pos_xy xy="0.562500 4.375000"/>
					<tex st="-12.000000 8.000000"/>
					<pos_s xyz="0.625000 4.250000 1.687500"/>
					<tex st="-12.000000 0.000000"/>
					<pos_xy xy="0.562500 4.375000"/>
					<tex st="-16.000000 8.000000"/>
					<pos_s xyz="0.625000 4.250000 1.812500"/>
					<tex st="-16.000000 0.000000"/>
					<pos_xy xy="0.562500 4.375000"/>
				</primitive>
				<primitive index="11" type="quad_strip" vertex_size="6">
					<tex st="9.937500 0.000000"/>
					<nrm xyz="0.000000 0.447266 -0.894531"/>
					<pos_s xyz="5.875000 2.375000 1.750000"/>
					<pos_yz yz="2.250000 1.687500"/>
					<tex st="6.000000 0.000000"/>
					<pos_s xyz="5.625000 2.375000 1.750000"/>
					<pos_yz yz="2.250000 1.687500"/>
					<tex st="0.000000 0.000000"/>
					<pos_s xyz="5.500000 2.375000 1.750000"/>
					<pos_yz yz="2.250000 1.687500"/>
				</primitive>
				<primitive index="12" type="quad_strip" vertex_size="6">
					<tex st="-12.000000 8.000000"/>
					<nrm xyz="-0.894531 0.447266 0.000000"/>
					<pos_xy xy="5.875000 2.250000"/>
					<tex st="-12.000000 0.000000"/>
					<pos_xy xy="5.937500 2.375000"/>
					<tex st="-4.000000 8.000000"/>
					<pos_s xyz="5.875000 2.250000 1.437500"/>
					<tex st="-4.000000 0.000000"/>
					<pos_xy xy="5.937500 2.375000"/>
					<tex st="0.000000 8.000000"/>
					<pos_s xyz="5.875000 2.250000 1.312500"/>
					<tex st="0.000000 0.000000"/>
					<pos_xy xy="5.937500 2.375000"/>
				</primitive>
				<primitive index="13" type="quad_strip" vertex_size="6">
					<tex st="124.000000 8.000000"/>
					<nrm xyz="0.894531 0.447266 0.000000"/>
					<pos_s xyz="-2.375000 2.250000 -2.562500"/>
					<tex st="124.000000 0.000000"/>
					<pos_xy xy="-2.437500 2.375000"/>
					<tex st="116.000000 8.000000"/>
					<pos_s xyz="-2.375000 2.250000 -2.312500"/>
					<tex st="116.000000 0.000000"/>
					<pos_xy xy="-2.437500 2.375000"/>
					<tex st="112.000000 8.000000"/>
					<pos_s xyz="-2.375000 2.250000 -2.187500"/>
					<tex st="112.000000 0.000000"/>
					<pos_xy xy="-2.437500 2.375000"/>
				</primitive>
				<primitive index="14" type="quads" vertex_size="268">
					<tex st="16.000000 0.000000"/>
					<nrm xyz="0.000000 0.998047 0.000000"/>
					<pos_xz xz="5.562500 1.312500"/>
					<tex st="0.000000 0.000000"/>
					<pos_xy xy="5.937500 2.375000"/>
					<tex st="0.000000 14.375000"/>
					<pos_xz xz="5.937500 1.125000"/>
					<tex st="16.000000 14.375000"/>
					<pos_xy xy="5.562500 2.375000"/>
					<tex st="0.000000 1.625000"/>
					<pos_xz xz="5.937500 1.312500"/>
					<tex st="1.625000 1.625000"/>
					<pos_xy xy="5.562500 2.375000"/>
					<tex st="1.625000 0.000000"/>
					<pos_xz xz="5.562500 1.750000"/>
